-0.0636744986782789 0.994746353290199 0.080157662353133 1.17060387893553 -0.994717878412079 -0.0697416830504363 0.0753156027172497 1.48739464489493 0.0805102514307333 -0.0749385765887067 0.993932748808197 -6.26930994998978
-0.0363355564334526 0.996147399089901 0.0798128224353591 1.1406253647655 -0.996098328884719 -0.0425292775351111 0.0773264491969772 0.964512922943867 0.0804229229246403 -0.0766917194928388 0.993806084520259 -6.23614660903915
-0.0047246318961024 0.996881787226327 0.0787678878089754 1.12317322111047 -0.996600085064444 -0.0111732185505299 0.0816298330070982 0.299166432964654 0.0822553846443562 -0.0781144127780727 0.993545263293698 -6.2228569783089
0.0224034749943028 0.99669675623203 0.0780619012369732 1.13761501312055 -0.996173586229481 0.0156574955977203 0.085982724603856 -0.39292917428801 0.0844764488296881 -0.0796895159237315 0.993233764350049 -6.21850274297963
0.0403101074714553 0.996108884089142 0.0783721013774859 1.14837249950533 -0.995470954022051 0.0332778792083743 0.0890514595827676 -0.919540207036768 0.0860968927085535 -0.0816068244332301 0.992938896041371 -6.21089983052653
0.0544358924867158 0.995406266083789 0.0787597552707273 1.16828493031423 -0.994668476556334 0.0471383454532663 0.0917202165993416 -1.47617707307634 0.0875862737777809 -0.0833327176387439 0.992665252145285 -6.20439473924665
0.0656082120105938 0.994881717876659 0.07685004848119 1.17246225184007 -0.993843637499892 0.0582604048258584 0.0942366671233242 -2.0509346851521 0.0892770223392228 -0.0825596309603876 0.992579226368315 -6.1815200144686
0.0708242354908427 0.994505539807546 0.0770886435166749 1.20390502276058 -0.993465840787244 0.0633937153953417 0.0949044784889924 -2.64656264384826 0.0894960940825397 -0.0833064711800819 0.992497093700275 -6.18115730546964
0.0741711309973787 0.994290661981737 0.0767119470649082 1.237794333254 -0.993165229359989 0.0666973208981851 0.0957825379457401 -3.2568325864064 0.090119201710248 -0.0832919376706054 0.9924419290831 -6.16528937312508
0.0734796841309547 0.994416675875243 0.0757377763157038 1.25743541020274 -0.993161868911237 0.066055434613544 0.0962610081951937 -3.8931456344373 0.090720660054667 -0.0822930999491948 0.992470456759293 -6.15512209214493
0.0735397140485143 0.994335971806555 0.0767325591204919 1.29600251454113 -0.993147187300922 0.0660092438687064 0.0964439945260972 -4.57303386455026 0.0908326748143579 -0.0832991890440642 0.992376274550471 -6.17515065262559
0.0737766410351109 0.992995880222286 0.0922832005250225 1.300226764055 -0.993406536366795 0.065032776796853 0.0944149958736345 -5.30989250992222 0.0877522691518804 -0.0986403558573056 0.991246497827379 -6.15118140099938
0.0732187699136883 0.992957882602624 0.0931324600214057 1.31378098229726 -0.993235067021746 0.0641614195888794 0.0967854011442186 -6.10869658852442 0.0901283161422311 -0.0995889331886435 0.990938409294802 -6.1272510880678
0.0725060452476444 0.992681823159264 0.0965695157477161 1.34154599004708 -0.993286834456589 0.0631198827014347 0.0969388719914079 -6.95087840234794 0.0901339996769031 -0.10294988284092 0.990594358819634 -6.11462999100878
0.0717683270260134 0.99255827464759 0.0983736685525462 1.37179226179141 -0.993119858264261 0.0619605281813078 0.09936719815246 -7.83739287584798 0.0925324502921223 -0.104828261342504 0.990176136486254 -6.12547670110672
0.0713349190570152 0.992614568952653 0.098120572899203 1.39586554654898 -0.99328096247919 0.061704810472031 0.097905290669221 -8.76607410999193 0.0911277065416609 -0.104445363073473 0.990346862080608 -6.08815020898147
0.0703232665643824 0.993069486393253 0.0941681123011215 1.40988693069971 -0.993351764859601 0.0610910285536128 0.0975712943471638 -9.68274722858985 0.0911422483266352 -0.100403592689223 0.990763447622621 -6.02340342729906
0.0690556470281439 0.993187688780036 0.0938591096766557 1.44661482005405 -0.993605658130208 0.060048967544239 0.0956133757824045 -10.6227925736118 0.0893258850790786 -0.0998615859709881 0.990983627464247 -5.99676628029754
0.0687102366294315 0.992862736592732 0.0974807143383723 1.45025880443837 -0.993717158481452 0.0594598503815121 0.0948194870907575 -11.5783887359467 0.0883465467456061 -0.103383327854157 0.990710237758713 -6.01823125191911
0.0661115122399373 0.992896580752262 0.098922433652925 1.47216474843159 -0.994065274163197 0.0569552020794749 0.0926840636729567 -12.5279309617172 0.0863915427122079 -0.104462839740047 0.990769406300602 -5.99703162431873
0.063892070783211 0.99297092098515 0.0996320900560457 1.4838281427596 -0.994015091807904 0.0544571347830068 0.0947017303397763 -13.4859247193133 0.0886103862374804 -0.105086490802236 0.99050746029584 -5.99096832600338
0.0581259786444677 0.992567838243366 0.106913315782047 1.49837292453156 -0.994579361530781 0.048326838166438 0.0920674227393169 -14.4619205252715 0.0862163802513655 -0.111685286397644 0.989996531599292 -5.980377132827
0.0502370776881624 0.993378191340429 0.10332475499401 1.48940438482996 -0.994700492280385 0.0404732428257099 0.0945137411825807 -15.4432731293469 0.0897060013739896 -0.107525278815681 0.990147033391051 -5.93531040561039
0.0429069703637751 0.993853695482905 0.102048144859045 1.47141850810822 -0.994958266294246 0.0332389992495466 0.0946214418704228 -16.4391397886254 0.0906478914644531 -0.105593564689611 0.990269134563523 -5.934097002376
0.0395940270147533 0.993342277020303 0.108182409424418 1.47170015890984 -0.995186023676439 0.0294887802302967 0.0934622390038324 -16.9400845795753 0.0896498260111822 -0.1113621682828 0.989727930378606 -5.93006905295946
0.0356108209694888 0.993606931808019 0.1071313889247 1.46420056574069 -0.995203890489737 0.0254850029637725 0.0944443273999534 -17.9474281534264 0.0911102946102804 -0.109980815086054 0.989749026030859 -5.88869783148438
0.0336260576684654 0.994478160820423 0.0994106427748456 1.43305089637767 -0.995348808521918 0.0243378112779664 0.0932116962413899 -18.475770003369 0.0902775587822135 -0.102082606713529 0.990671037119233 -5.87501427268214
0.0318873186701837 0.994674432060063 0.0980100663912468 1.41950805156604 -0.995329479926212 0.0226619595980977 0.0938384887825252 -18.9981660900339 0.0911176453703674 -0.10054456620407 0.990751414285638 -5.86440541680222
0.0304376126851961 0.994632432681069 0.0988932535260206 1.41408202367251 -0.995116825150314 0.0208602594869572 0.0964746281511228 -19.5393231923784 0.0938938551598903 -0.101346797843211 0.990410405099896 -5.84298896536937
0.0283099736101598 0.994804340076332 0.0977899297447644 1.39711472024194 -0.995146971708424 0.0188256404109781 0.0965820892436431 -20.0926595035699 0.0942393235000261 -0.100049588846784 0.990509479852588 -5.83045945926331
0.0273467310078903 0.994794911924138 0.0981592558703797 1.38507414537782 -0.995263268878256 0.017931578996282 0.0955483338236157 -20.6438020547075 0.0932908458797059 -0.100307236451539 0.990573205972432 -5.8347367143857
0.0262847682516424 0.994861188065161 0.0977769269282576 1.36878106784694 -0.995157871060364 0.0167742436971056 0.0968474904940565 -21.1837090020087 0.0947096754537978 -0.099849092284139 0.990484849023684 -5.82014323855221
0.0261548289295879 0.995012183090549 0.0962635986499835 1.35093480606594 -0.99538453372089 0.0170275103610146 0.0944441312107487 -21.7273174970069 0.0923339317526959 -0.098289467351729 0.990865089532779 -5.7930682401015
0.0254744936791063 0.995727253413285 0.08875971485888 1.32592159604195 -0.995537358399503 0.0171984739482939 0.0927878253047788 -22.2507527317661 0.0908648347972606 -0.0907273349321273 0.991721801965341 -5.79382397364887
0.0269812949348309 0.995863253278873 0.0867662981373398 1.29454033351251 -0.995304377845841 0.0186914887785417 0.0949727523458394 -23.2600064519293 0.0929580828359869 -0.0889213642273875 0.99169137629577 -5.77803286605317
0.0280034554499007 0.9954497472296 0.0910802241070483 1.29139121998031 -0.995377932078901 0.0193956100077967 0.0940562738085958 -24.2597761658987 0.0918617374819214 -0.0932931457983388 0.991391854986641 -5.75159722556689
0.0284393629558599 0.995291473073473 0.0926611367397365 1.26103461959276 -0.995435710898943 0.0197509393126614 0.0933683343718985 -25.2784109208838 0.0910985625670346 -0.0948935404730102 0.991310379182384 -5.73073716134297
0.0289643169959904 0.995306566922486 0.0923358336829795 1.24931087793281 -0.995524790612422 0.0204106421751185 0.0922702387668489 -25.7958834081847 0.0899525409149057 -0.09459515593821 0.991443541940729 -5.70028755624136
0.0301926422963259 0.994838430969286 0.0968756967342031 1.25411427914124 -0.995560223410144 0.0212860957697955 0.0916882963655782 -26.3192943649119 0.0891529355361287 -0.0992139022186421 0.991064254068241 -5.69197204293345
0.0319917230466017 0.994642218022612 0.0983025319285714 1.24914024371169 -0.995266179243596 0.0226716514488562 0.0945051780297535 -26.8371858268563 0.0917701591497113 -0.100860568844519 0.990659065239903 -5.68543192575484
0.0357965383548304 0.994807513856603 0.0952712874703476 1.24299415838041 -0.995061341434912 0.0266484817103142 0.0956179125702271 -27.3496651725137 0.0925825827224741 -0.0982235653852047 0.990848422605322 -5.66702607107331
0.0397243376399119 0.994876793935615 0.0929631211151084 1.23701446848603 -0.994828786093034 0.0306750856672333 0.0968231660294684 -27.8551994451945 0.0934754692939937 -0.0963286250690831 0.990950620683277 -5.65739454204301
0.0464129861650336 0.994722815036352 0.0915005790222082 1.23459674353584 -0.994679424498826 0.0375879804477745 0.0959165585524461 -28.3675832463696 0.0919710671566413 -0.0954655171882113 0.991174887612705 -5.65676753191071
0.0551550930238863 0.994278147653012 0.0914815872906837 1.2465322758434 -0.994130915999957 0.0461440191013549 0.0978491254649501 -28.8686477234767 0.0930679191053941 -0.0963415517877436 0.990987723351061 -5.65938624104551
0.0800667070848585 0.993088989225717 0.0858113156595985 1.27845390384815 -0.992669244791628 0.0716204401829842 0.0973564738105015 -29.8661948029637 0.0905377979708294 -0.0929772661817892 0.991543309750994 -5.63271463579645
0.0916494600219065 0.99268998492796 0.078530059858758 1.29263360140169 -0.991898737036624 0.084040720034321 0.0952578229924526 -30.3676910288906 0.0879617640957798 -0.0866241952334334 0.992350228929947 -5.62209697746329
0.122140763227716 0.989889924781852 0.0721080492977745 1.3656834929377 -0.988442796346255 0.114745721990843 0.0990669351297256 -31.337378143143 0.0897912707859082 -0.0833747929543411 0.992464695387435 -5.60614658675605
0.154034874963762 0.9860063824113 0.0637547734611307 1.47186174495358 -0.983747519466963 0.14701640954215 0.103087308956691 -32.3154792452127 0.0922717466914742 -0.0785976409920603 0.992626987137157 -5.55520716046284
0.186015994283876 0.98101957702499 0.0547598334940039 1.60865684756119 -0.978154635576141 0.179632892258236 0.104620900970348 -33.2898933278608 0.0927984847477965 -0.0730247458924115 0.993003437917443 -5.54390901588974
0.20184567411781 0.977925543024048 0.0540366185197214 1.71073432412681 -0.975041700316433 0.195428455978612 0.105363187299237 -33.7952181614843 0.0924770592307358 -0.0739550599684354 0.992964572691846 -5.52696956562171
0.237433368190435 0.969487776652255 0.0609823465571331 1.9258212149533 -0.966590408731258 0.229549085050873 0.114062260634471 -34.7617404424396 0.0965835256059986 -0.0860271380099083 0.991600198722923 -5.526244193045
0.270157295905208 0.961654636372722 0.0472799726315003 2.13725745066115 -0.958022879163556 0.263594143149144 0.112739925033857 -35.7351411775325 0.0959541477392063 -0.0757528087949069 0.992499024428399 -5.51586543692255
0.301103101514753 0.952459887637562 0.046444425926458 2.41651971873828 -0.948726921212674 0.294298185625837 0.115350799319551 -36.694048023999 0.0961984990762124 -0.0787955606540214 0.992238433239059 -5.46814182039052
0.316173542449465 0.947527435080117 0.0471810430729678 2.56546193981587 -0.944383215279778 0.309605364597744 0.110837091761413 -37.1761873094107 0.0904136812257234 -0.0796007410945056 0.992718030592987 -5.47535262577384
0.341069978828593 0.939346349937343 0.036051413304535 2.86028125295291 -0.935445032267226 0.335367440696387 0.111674846439661 -38.1357773173735 0.0928108891694787 -0.0718130529928013 0.993090642525358 -5.42482294233436
0.351473779884886 0.935295189886525 0.0410985380343282 3.0290942318259 -0.931837132154461 0.34526733198545 0.111669282265984 -38.6135974897688 0.0902537599858408 -0.0775459685527071 0.992895201705417 -5.42616243456913
0.365644274911152 0.930260668803617 0.0303208229067963 3.34315565613439 -0.926030358482958 0.360317167771232 0.112424702700267 -39.5571753440067 0.0936591660897281 -0.0691854514068202 0.99319753016256 -5.38450860643923
0.37505141042117 0.926454805249865 0.0319050681009178 3.51347831276566 -0.922274436511138 0.369444598478654 0.113668607860796 -40.0285871456546 0.0935216728847197 -0.0720568004034255 0.993006301196756 -5.39834110477041
0.386106179843216 0.921958677413881 0.0302359889555941 3.85418303776222 -0.917533176034918 0.380458754383522 0.115689269546553 -40.9501734788825 0.0951571792465188 -0.0724108648904543 0.992825149703442 -5.37028210600046
0.39436660259798 0.918393374186354 0.032071685423908 4.20256004256265 -0.914019542963332 0.388398795915414 0.117109565845663 -41.8536288526337 0.0950960453248736 -0.0754982488675026 0.992601005732672 -5.33585451579367
0.3924604819576 0.919056789888192 0.0361854537351477 4.5306978188428 -0.914964703459417 0.386092518113746 0.1173548417408 -42.7542832568035 0.0938848311764442 -0.0791655506959764 0.99243057896156 -5.3237181213696
0.384123065339542 0.922703487547228 0.0326763636645094 4.83849545782094 -0.918330420106603 0.378163265332035 0.116883635553653 -43.6263958967622 0.0954919377800064 -0.0749053991484839 0.992607914031228 -5.3013148007141
0.375530130407525 0.92629866996806 0.0307879062541234 5.1363520241881 -0.921712683961597 0.369779294505854 0.117085445632934 -44.5110378334136 0.0970713623084424 -0.072346716374405 0.992644499934102 -5.26090440720299
0.36707332538049 0.929661521898459 0.031410643029862 5.43527011738261 -0.925130827726609 0.361350105441799 0.116443346255072 -45.3950921698262 0.0969026593236042 -0.0718022005139231 0.992700518090612 -5.22707438978449
0.359683238307676 0.93256483383494 0.0308350251323879 5.71182286097464 -0.92807146717428 0.354141699784992 0.115182499931093 -46.2337373621172 0.0964951806956361 -0.0700463215865604 0.992865646970782 -5.21704081391883
0.353278456301433 0.934862986631675 0.0350075497482812 5.97718093489832 -0.93042786103106 0.347211755909012 0.117251831438768 -47.0532107663285 0.0974593645087078 -0.0739945456414357 0.992485002146066 -5.19703735502264
0.343877902255052 0.938389688760386 0.0342458810494292 6.21825680669299 -0.933839207725448 0.337931545882085 0.117245914267627 -47.8636641242206 0.0984495934748977 -0.072298425473386 0.992512274593467 -5.1642696428863
0.337173454697323 0.940950850127852 0.0304230026648258 6.4455495187718 -0.936631692699164 0.33201253802636 0.111753061813963 -48.6511504803748 0.095053320189107 -0.0661753144077642 0.993270201951142 -5.15094439340672
0.331599949231012 0.94274209127771 0.0357606348282499 6.66193265181522 -0.938710512758546 0.325924693644486 0.112230420605717 -49.3634767100146 0.0941490674758816 -0.0707844856312283 0.993038523768008 -5.1327375422074
0.324096646133266 0.945382064093084 0.0348441796612702 6.83024445239306 -0.941469771122799 0.318707843734836 0.109817942085425 -49.9935373305238 0.0927147993966212 -0.0683963685658012 0.993340778756141 -5.11158579858729
0.317001538899716 0.94775191295613 0.0357258425122269 6.97830051537162 -0.943828083386455 0.311536916479285 0.110151253654376 -50.5342245806478 0.0932661425505674 -0.0686371703858516 0.993272553479235 -5.08833450519039
0.308023985997198 0.950689390662584 0.036206443238769 7.10467252833037 -0.946663266016939 0.302490970625444 0.111030957233645 -51.0358768556892 0.0946038309189473 -0.0684755078234612 0.993157198032508 -5.08264231966659
0.29739710652579 0.954104305071714 0.035212726019308 7.22130651371101 -0.949891704626532 0.2919638834734 0.111637091635493 -51.5275224480131 0.0962325854988272 -0.0666488243763775 0.993124978891106 -5.06879411526798
0.281287457982358 0.958972152893844 0.0353521704562969 7.37869515412045 -0.954824377247658 0.276010964931087 0.110128814809898 -52.2392725546415 0.0958528799538451 -0.0647329685087724 0.993288411385433 -5.04084899187748
0.270018752587736 0.962268400234102 0.0336065345113738 7.47948507003536 -0.958157452426825 0.265094114037221 0.107978734303376 -52.7417456965418 0.0949956294252587 -0.0613566346349121 0.993585020909825 -5.03287264620161
0.256004570867901 0.966123572292497 0.0326634773948786 7.57639989730144 -0.961806487433286 0.251182508843553 0.1087916723941 -53.2724654934657 0.0969017049694622 -0.0592671098657773 0.993527789879162 -5.00998754210125
0.241216162899672 0.969813385261134 0.0357317859097447 7.69025393085459 -0.965716859236747 0.236231498281556 0.107636550509402 -53.8640005713986 0.0959463941056192 -0.0604704637653132 0.993547992031657 -4.98157699239295
0.226314413409765 0.973295133461083 0.0384495704002773 7.79483643433766 -0.969707690524251 0.221403944145887 0.103185698886865 -54.5075262225869 0.0919172520320306 -0.0606372550303603 0.993918679813024 -4.9811528864284
0.209874850223672 0.976825985730524 0.0419945335154649 7.89269497929291 -0.973436274061316 0.204740664962113 0.10248453762639 -55.1678861364989 0.0915115707723054 -0.0623879292208182 0.993847764349412 -4.96829275895353
0.189291485857426 0.981075588726079 0.0407360109444761 7.97455405660043 -0.97750159719759 0.184345717354213 0.1025050436287 -55.8553199562501 0.0930556868657104 -0.0592228477780404 0.993898029700738 -4.94449241866424
0.167594448483351 0.984852016591483 0.0444815271011247 8.04185888264 -0.981363609778676 0.162358358651947 0.102787298719308 -56.5435355409275 0.0940083306932306 -0.0608791326443837 0.993708289674961 -4.92164266851534
0.14561021611168 0.988139714712743 0.0487603237410238 8.10164614675286 -0.98462425161947 0.139932319802092 0.104565907434521 -57.2428885669016 0.0965025807256438 -0.063236461651683 0.993321902421902 -4.93035333183056
0.12395312702906 0.991190934906757 0.0466492535673108 8.13310667387092 -0.987473860406508 0.118590083357239 0.104075775967284 -57.9689558194979 0.0976268268130582 -0.0589654363843151 0.993474750559077 -4.90003764212745
0.104719656867521 0.993232929019491 0.0502209336523261 8.1668991169741 -0.989357720079975 0.0989154926033829 0.106710013781193 -58.7067647270239 0.101020271152384 -0.0608611044460478 0.993021062607388 -4.85520386051514
0.0888076829918277 0.994639563772434 0.0529654002175739 8.197210954065 -0.990750899251881 0.0827331314682865 0.107554100754171 -59.4561960394495 0.102595570436594 -0.062027148379045 0.992787379951394 -4.83606784877827
0.0768313103175881 0.995115603668745 0.061982941926567 8.22082330459232 -0.992262359904803 0.0702337615838485 0.102384705156271 -60.260907851887 0.0975313225124933 -0.0693696912835337 0.992811909205461 -4.8133306470815
0.0662456761303257 0.996302526611218 0.0547063603444815 8.21420862695617 -0.992710852730638 0.0602762735842626 0.104364427433893 -61.053164086808 0.100681047197798 -0.0612212896866722 0.993033373268117 -4.80103088179436
0.0559729812507936 0.996889270945591 0.0554869970665837 8.1991726238446 -0.992615702818141 0.0495708734488793 0.110710410641294 -61.8455310632111 0.107615481640641 -0.0612740563296078 0.99230257388166 -4.74745960605315
0.0545974057876975 0.996192927293042 0.0679615692327034 8.22543249624635 -0.995463975400272 0.0489937212703724 0.081554208698052 -62.6717221317532 0.0779140357158959 -0.07210594210881 0.994349101750015 -4.74819589774505
0.0537486700715513 0.997371365118979 0.0485946551201506 8.21576330844476 -0.993409333461606 0.0484745267974355 0.103865857928065 -63.4692549811907 0.101237229599134 -0.0538570356821797 0.993403464384245 -4.7221081776939
0.0516822647812879 0.997303456647544 0.0521033479340821 8.22303936740641 -0.99344851685989 0.0460174281400845 0.104606121504707 -64.2686604041377 0.101926384493722 -0.0571682749978983 0.993147924771432 -4.68999554775357
0.0461696557979771 0.998359700047153 0.033856641966589 8.19167317155986 -0.99644597087069 0.0436377828874596 0.0720497816806807 -65.0625454567325 0.0704541696357509 -0.0370628280953356 0.996826242007358 -4.61759406888799
0.0449093996477618 0.997348629177433 0.0572613106833193 8.2134834831187 -0.993441627895823 0.0385532091814857 0.107644702728506 -65.8337688793811 0.105151689415707 -0.061720028675484 0.992539047228532 -4.64817558877101
0.0429730120375768 0.997405902747177 0.0577476008290009 8.20253952067758 -0.993477803800842 0.0365502919092126 0.108008932576913 -66.6278750602407 0.105618055234278 -0.0620124288061572 0.992471301893454 -4.64085608437317
0.0398879320786628 0.997787807146215 0.0531831250006699 8.1879823752101 -0.993521455068057 0.033936380567978 0.108459395136594 -67.4521893307978 0.10641461926793 -0.0571647967222333 0.992677246048162 -4.62317362558299
0.041370724682647 0.997106883188573 0.0637677554662403 8.19531993083546 -0.994035536123963 0.0346297797548382 0.103412432893134 -68.2866690119168 0.100904985317764 -0.0676656622822903 0.992592334287304 -4.55730649919242
0.0477570722350283 0.997172812739349 0.0580141671062694 8.17082242851782 -0.99364468806246 0.0415007344453674 0.104632322566941 -69.0910689340875 0.10192887685438 -0.0626424023644609 0.99281742203147 -4.56606822280644
0.0544594566106548 0.996031710057588 0.0703917619145086 8.20106598345088 -0.993306651484486 0.0468489084884771 0.105579713440206 -69.89265178309 0.101862965312963 -0.075670419142456 0.991916288788754 -4.53450637772664
0.0612870299784571 0.995824166103663 0.0676618811471068 8.21111713623064 -0.992320730610662 0.0534937306314932 0.111525729692515 -70.7209526601294 0.107440530326047 -0.0739773680734227 0.991455435940611 -4.52365240539011
0.0645918660236897 0.996979368226082 0.0431280671384848 8.20432637747027 -0.992929878525474 0.0598962388518536 0.102482666352848 -71.6160029653076 0.0995898949440411 -0.0494426931196677 0.99379941282037 -4.48934516883632
0.0699926901841464 0.995431196462431 0.0649442563292439 8.26166458326702 -0.992023994368579 0.0626158152861344 0.109396774509412 -72.5005889590212 0.104830424580828 -0.0720832351204156 0.991874280993704 -4.45991544891321
0.07289081380889 0.996089552266031 0.0499252754497651 8.25492105598552 -0.992124441903417 0.0673060426870519 0.105636113122571 -73.4388089248799 0.1018627559028 -0.0572319882955843 0.993150783353474 -4.45330970481842
0.0741804131830163 0.996266661211906 0.0441588729212925 8.28447281076932 -0.992220971969149 0.0692951471072184 0.103420140069446 -74.3646843883295 0.0999740420538848 -0.0514871085328246 0.993657017572129 -4.42242441574539
0.0707761870126758 0.997069195795401 0.0290473776417257 8.33115115228452 -0.993055982554292 0.067688182666631 0.0962191531890479 -75.3162904143845 0.0939709894865186 -0.0356556969249387 0.994936241380181 -4.42746235702284
0.0695080133240497 0.99557555967094 0.0632292738345049 8.31144194539831 -0.994109942032164 0.0638437708150419 0.0875750882438789 -76.2335036791302 0.0831508222241399 -0.0689440201468659 0.994149215585588 -4.43621373896047
0.066998026751163 0.995405580155692 0.068403182720968 8.3336407730893 -0.993485293323535 0.060220247749351 0.0967496444998926 -77.1117381696159 0.0921858794029716 -0.0744395913201739 0.992955442546535 -4.32375361722046
0.0674929091126645 0.995717070601522 0.0631840370048888 8.35752980591792 -0.99326729646242 0.0610806526338803 0.0984338948333115 -77.9898157625725 0.0941529871950215 -0.0694022275330176 0.993135713694614 -4.31962183342509
0.0684107045310193 0.996200279228511 0.0538978586829082 8.37796051037649 -0.993957654247774 0.0634092465413904 0.089596032363679 -78.8480608536416 0.0858379698491862 -0.0597015168826253 0.99451876393263 -4.22943639120134
0.0706464224838691 0.995950385683145 0.0556049660356269 8.39539010855856 -0.993042064252605 0.0649561155121263 0.0982250562865617 -79.6648619667225 0.0942154000954919 -0.0621573190796375 0.993609544071351 -4.2310707474852
0.0772016090042022 0.995335927104139 0.0578472452490788 8.43262194922678 -0.991688247836488 0.0706699006202299 0.107518297276912 -80.4785854500888 0.102928765027868 -0.0656670188303964 0.992518771594657 -4.22611697243304
0.0813614717567194 0.994837083226615 0.0606587895588443 8.4727552727802 -0.991097590412216 0.0743203213871819 0.110462917343365 -81.2999587142586 0.105384425759605 -0.0691062056986888 0.992027446768108 -4.22566783076608
0.0850132041129305 0.9949221904371 0.0538756912001521 8.48812991363625 -0.991136510965903 0.0789022279366349 0.106877757540897 -82.1263506823335 0.102084140574276 -0.062484185218952 0.992811439720925 -4.20677948288813
0.0889407740000362 0.994365583716791 0.0576768986669717 8.53451065293738 -0.990607964326516 0.0822699030213588 0.109213204649129 -82.9756099551858 0.103852779130608 -0.0668487021296738 0.992343615533665 -4.18543319246077
0.093014861486628 0.993628271090639 0.0636482083962368 8.57838796972527 -0.990579260218864 0.0858978068622203 0.106650344586918 -83.8647951894778 0.100503555991174 -0.0729686622166538 0.992257330316809 -4.12793462323373
0.0972483982711219 0.993571602317189 0.0579501518768855 8.62975477052759 -0.989773276417223 0.0904426013990057 0.110313177555976 -84.7842687934404 0.104362878093778 -0.0680852915175771 0.992206018302122 -4.09554310007389
0.10569831259795 0.992947260726143 0.0536992004632794 8.67900401382127 -0.988575784620908 0.0990908525831986 0.113573416764178 -85.7250242088923 0.107451313510357 -0.065090247739459 0.992077353271465 -4.06521560214387
0.116168340493673 0.992084619611737 0.0476762435263295 8.7453140910689 -0.987174693818212 0.110034932250147 0.115665196016881 -86.7229445271797 0.109503609766364 -0.0605014149796638 0.992143406082808 -4.03667246800257
0.122940134612732 0.991029469845848 0.0524052783454348 8.79714018388757 -0.986588296569467 0.116334579768834 0.114498028900777 -87.2314014393269 0.107374374845947 -0.0657788373800257 0.992040265402254 -4.01195579818621
0.132845519302503 0.989685349540014 0.0536188111310574 8.84767472519951 -0.985406168800975 0.126074999066696 0.114366853149483 -87.7628476368064 0.106427207471732 -0.0680294312499545 0.991990547330757 -3.99784496467862
0.142137997671041 0.988630417898807 0.0490579904123532 8.89876093582417 -0.984477556681253 0.136038107400486 0.110894426035767 -88.2968442547881 0.102959846585821 -0.0640588022064492 0.992620642466646 -3.97600563907807
0.154683108147728 0.98682230725963 0.0474854709204571 8.96484633687441 -0.982487141735063 0.148593838849872 0.112422806321161 -88.8223162527296 0.103885284708786 -0.0640437737070302 0.992525184904816 -3.98668514828165
0.16756715207293 0.984880196036479 0.0439573543484268 9.02611804221558 -0.980055915340519 0.161583427707783 0.115677131258786 -89.3616272123401 0.106825335722506 -0.0624643525968964 0.992313736830458 -3.94727248634393
0.178637664458033 0.983201740770321 0.0374555974881177 9.10041077996163 -0.978352413245519 0.173456806495689 0.112868471137808 -89.9225723651352 0.1044755489751 -0.0568073342670592 0.992903714586577 -3.93906324065213
0.193063945602732 0.980400042837922 0.0392691852692012 9.19237464705618 -0.975665799009075 0.187584431417023 0.113526779809585 -90.4793737507369 0.103935371997636 -0.0602315290637222 0.99275858160701 -3.91296005336171
0.205170172431923 0.978279024088791 0.0295863375925277 9.27402903312321 -0.973311887122717 0.200766568292259 0.111160943868627 -91.0330243343847 0.102806472217802 -0.0516036440964539 0.993361914503519 -3.87430940606276
0.218985604454767 0.975383661251054 0.0259233178060059 9.37958920832125 -0.970631576313714 0.215052934798001 0.107826612195319 -91.598319639739 0.0995974302094846 -0.0487744666732264 0.993831677547265 -3.87023534868776
0.232515304050023 0.97229916922063 0.0238947466067085 9.49352538987513 -0.968138043744864 0.22903174643482 0.101258023775321 -92.1660803229513 0.0929804368477154 -0.0466774534212207 0.994573201783417 -3.84555259710922
0.247607724656669 0.968534656404387 0.0251203908007901 9.61153297879331 -0.963585918662797 0.243475209542749 0.110553153247146 -92.7043753909626 0.100958367880628 -0.0515794695760932 0.993552699293364 -3.856488995956
0.25856025879672 0.965615945606742 0.0270635947533168 9.7239630220699 -0.960862317281248 0.254201160336245 0.110115291002741 -93.2482248986374 0.0994494836582104 -0.0544758265077774 0.993550292902382 -3.80649790114951
0.272581979275111 0.961940907648751 0.0192029884747466 9.84621920752468 -0.956887737628379 0.268960912055382 0.10966259782979 -93.7748062553278 0.100324085597151 -0.0482671521661983 0.993783356607898 -3.78251999022873
0.288086320847928 0.957496694440181 0.0143649530605048 9.9827338364334 -0.952492431107827 0.284968231895648 0.10747686026569 -94.2834059548517 0.0988151831582906 -0.0446451223135794 0.994103803750392 -3.79099983056157
0.306557591170038 0.951786876203675 0.011143858509164 10.1331247776955 -0.946191561200404 0.303438735863884 0.112456494212076 -94.7782754265921 0.103653136996262 -0.0450186168576637 0.993594158259324 -3.78525055532765
0.324096078749866 0.945867341581779 0.0172250941355029 10.3054392134305 -0.940272559054231 0.320067512456231 0.11594956731135 -95.2595993548059 0.10415971595857 -0.0537750834410916 0.99310573151721 -3.7423369917927
0.340909053114263 0.939916170294374 0.0184013674463424 10.4708955676426 -0.934335231455337 0.336591328203648 0.117149276734452 -95.7397285716478 0.103916758831474 -0.0571302949166362 0.992943823504985 -3.69764178051098
0.374796773540144 0.9269446458316 0.0173494123251284 10.8141221589027 -0.921078611981383 0.370163923673041 0.12080091126076 -96.6805843998785 0.105553631365049 -0.0612559644043639 0.992525132039761 -3.69120712139374
0.390971572553465 0.920320096569522 0.0123348816506316 10.9926075529876 -0.914701807625078 0.387025709742837 0.116325848913596 -97.1675547118087 0.102283100180262 -0.0567628386210398 0.993134506282607 -3.68048488339207
0.409389426895174 0.912092284091211 0.0220898720620465 11.2138781263188 -0.907207798026309 0.404388945609099 0.115946504343237 -97.6298963877307 0.0968210119070036 -0.0675073771556685 0.993009791332829 -3.66601293118708
0.427173007520516 0.903861237011681 0.0236238412115593 11.4247521730942 -0.899065386300915 0.421843992036031 0.117171146357334 -98.0843494386784 0.0959408818047079 -0.0712917289088718 0.992830718998822 -3.65126396269438
0.445214281391796 0.895077378158265 0.0249144687704556 11.6473638807824 -0.890819493378331 0.439935241679072 0.113567659771408 -98.5354924453736 0.0906910903119264 -0.0727562384823629 0.993217829028422 -3.66345612038749
0.482554130492445 0.875801744617771 0.0106214532502967 12.0798874557875 -0.870553861228576 0.478258489670748 0.115779064419572 -99.411540768672 0.0963197064192792 -0.0651162128991198 0.993218200081423 -3.60578613769644
0.502165377436855 0.864712845402166 0.010081106099541 12.3292332409083 -0.859462418832205 0.497758678421955 0.11645019824254 -99.8466036225902 0.0956780242208141 -0.0671415895858773 0.993145368326854 -3.59931447527784
0.537217109705866 0.843391198050303 0.00943737731300003 12.8406263190899 -0.83782136056395 0.532312648807161 0.121237831152965 -100.687979228981 0.0972272843498436 -0.0730378735395371 0.992578623690224 -3.5598579730257
0.571226937781625 0.82078078197311 0.00432359760358447 13.3866678112781 -0.815084081042862 0.566626393221604 0.120716491562621 -101.513846517213 0.0966319118259581 -0.072480607394574 0.992677608878417 -3.56604091708395
0.601760873052221 0.798673488176827 0.00212389898285254 13.9446269538823 -0.792865537519979 0.59706044789032 0.121996151489168 -102.309622378982 0.0961669957760273 -0.0750964769378105 0.992528300893704 -3.54732738540719
0.627013859129222 0.779004234891368 0.00245407440688614 14.5116979658679 -0.773180238785827 0.621935379462 0.12405120767066 -103.070075244717 0.0951101404213588 -0.0796792682871354 0.992272782753944 -3.50860599491151
0.648837272419264 0.760926787143857 -0.000786464530406061 15.0871266129383 -0.755173554546688 0.644057701941565 0.122076120036118 -103.792483638573 0.0933975183441833 -0.0786136195368103 0.992520429205601 -3.48657803240861
0.669480150249505 0.742829583328615 0.000733862204397536 15.6732161508882 -0.737332997760958 0.664405702918808 0.12208649532936 -104.49490559666 0.0902018782218012 -0.0822755860556473 0.992519193317923 -3.4630611682766
0.686883928331123 0.726759665261482 0.00329514027398587 16.2628101367509 -0.721629644049107 0.68148321064255 0.121783785627974 -105.145303012514 0.0862619605038286 -0.0860291959821859 0.992551183369751 -3.44491809206916
0.699431925294168 0.714695067015721 0.00243783975827268 16.7986444585954 -0.709832576083376 0.69426781272502 0.118869332230219 -105.732223756868 0.0832628116876402 -0.0848714639759069 0.992906913457881 -3.41494703090313
0.708856449115935 0.70535247101551 -0.000652823913341025 17.2389281998281 -0.700356054949376 0.703944579250434 0.118166939706809 -106.206835379266 0.0838088947695398 -0.0833061881029415 0.992993528771092 -3.40333695026272
0.716125765000251 0.697968306109569 -0.00203282299848071 17.633000175048 -0.692781132992909 0.711152137857412 0.119653410272729 -106.627455219823 0.0849599345095452 -0.0842785885463849 0.992813642654433 -3.39701143290864
0.722048115553207 0.691842828428948 -0.000139919608211175 18.03225127562 -0.686675304657265 0.716679625064706 0.121849665534898 -107.022276131471 0.0844010947791376 -0.0878852420406658 0.992548557719741 -3.3844796376164
0.727401559352559 0.686211057056376 0.00116474247624346 18.4238894521431 -0.681092181320982 0.72176638341233 0.123153271654926 -107.416077002397 0.0836684647575926 -0.0903751788349843 0.99238697847949 -3.38344048160506
0.731277808723758 0.682077518132042 0.00173946170179531 18.810336908223 -0.67663570109072 0.725117173713083 0.127942222881359 -107.79788928992 0.0860052002942262 -0.0947382902800412 0.991780097540359 -3.37565454975734
0.733157145559428 0.68005915351977 0.000384225357765716 19.2143758916141 -0.674654955270184 0.727259677125354 0.126230160250676 -108.209821066421 0.0855645443191075 -0.0928057635144519 0.992000906760657 -3.36815809242547
0.73110480480884 0.682250482052476 0.00447706651642261 19.6542825243124 -0.677092038217924 0.724739184303371 0.127669442378282 -108.646105832803 0.0838578330707694 -0.0963711288428688 0.991806669345506 -3.35376683103269
0.723265945674031 0.690557523971416 0.00408386027162374 20.0840612518603 -0.68517600361658 0.716866757430051 0.128980216156333 -109.10712120278 0.0861406750394989 -0.0960851610717905 0.991638757777019 -3.33869976881282
0.714012352953306 0.700131997033468 0.00124360765926897 20.5172084642428 -0.694516706541593 0.70805896798215 0.127667702237771 -109.587558884013 0.0885036957686081 -0.0920200227666787 0.991816218482698 -3.33304108066668
0.704203700748899 0.70999609362436 0.00164161192235942 20.9597445123696 -0.704203767725442 0.698160108854524 0.129110479534122 -110.094240255208 0.0905218281567832 -0.0920761067942625 0.991628856571231 -3.31404235883791
0.695724453794008 0.718306692319611 0.00172631453959408 21.406624873394 -0.71219162701554 0.68948467124371 0.131886218115892 -110.604097547003 0.0935444856845747 -0.0929859338223308 0.991263358199624 -3.303464365504
0.69168010750977 0.722197331512884 0.0031053552038141 21.8560679836424 -0.715951607867819 0.685121056042959 0.134247658296389 -111.118596358223 0.0948257563468805 -0.0950797187745529 0.990942946395499 -3.28289188955572
0.6958285844924 0.718207804855142 0.000360622324594685 22.3060054361555 -0.711474214553697 0.68923604189742 0.13696028831299 -111.628848805098 0.0981173941179766 -0.0955574570336404 0.990576473260273 -3.27218292364954
0.707057628288113 0.707129805624977 -0.00607850938725439 22.7768446056816 -0.700179032534242 0.701260308149299 0.134101836727782 -112.163796620731 0.0990900231052626 -0.0905616818038071 0.990948913471256 -3.25110226823551
0.722641248673742 0.691178108678014 -0.00790239201366152 23.2943913167023 -0.684384752324375 0.71704930048337 0.132128011648603 -112.700089080039 0.0969903938602093 -0.0900728747214855 0.991201160581568 -3.24235858234432
0.737758056538918 0.675031031745196 -0.00679383492114342 23.8606046951981 -0.668610720915343 0.732055488378573 0.130592747929872 -113.237594448933 0.0931276215147033 -0.0918034210464138 0.991412819160207 -3.20992548063251
0.7530428632795 0.657931446316551 -0.00725658401914113 24.4466940656065 -0.651579229047144 0.747215228040218 0.130820148521297 -113.777946472295 0.091492919606618 -0.0937849397964187 0.991379559366261 -3.18958098261991
0.767487213933777 0.640958210465036 -0.0116597120730518 25.0769531348663 -0.634418762430859 0.762017615547095 0.129776683081422 -114.3529273372 0.0920663365398287 -0.0922048048280412 0.991474691377828 -3.18214828015358
0.778697523265099 0.627358712332579 -0.00715634831534663 25.7766097272172 -0.621487610170021 0.772871932762395 0.128148842965022 -114.953862925478 0.0859262338634486 -0.0953416048141017 0.991729126690104 -3.15929241129616
0.785204706909782 0.619105204724734 -0.012740240557699 26.486119553412 -0.612289363231991 0.779304673864459 0.133364016758544 -115.530744212328 0.0924948859109831 -0.096917339912708 0.990985229609684 -3.12710627989562
0.784256180945314 0.619978916374739 -0.0238408452004819 27.1621652428465 -0.612638212949432 0.779899602011187 0.12818358247808 -116.157394948211 0.0980645842452579 -0.085922954055321 0.991463858788212 -3.11221859931434
0.779921734918691 0.625806697815213 -0.00938426188024554 27.9022480856721 -0.618982422874575 0.773462858005602 0.136440343953417 -116.778746391728 0.0926436591124271 -0.100604096613528 0.990603840175696 -3.09866104449557
0.771666431868141 0.635940376873318 0.0105240196746032 28.6290469453236 -0.632497823417755 0.76553824079713 0.117888528912007 -117.462645624989 0.0669135359975329 -0.0976270400015042 0.992971066930377 -3.09495323710211
0.766938982576229 0.641197950379082 0.0258802131869628 28.9970696667623 -0.640519446422367 0.762415545224772 0.0919639883562912 -117.822207150121 0.0392356439952679 -0.0871075474874326 0.995425958778952 -3.10393292989294
0.760737321636548 0.647535736040961 0.0444544488115663 29.360356246475 -0.649042980916832 0.758436944327112 0.0593010151881671 -118.201127033402 0.00468363019945557 -0.0739653434362481 0.997249814027815 -3.13373173689027
0.752131874122214 0.657678365194189 0.0419143398481462 30.0682736744143 -0.658867637588616 0.749109852633056 0.0687594708129617 -118.87155282266 0.0138231714090299 -0.0793321917230389 0.996752388152954 -3.12073875490801
0.744375454754588 0.667141835565159 0.0287568008938857 30.7565079223063 -0.667373181943022 0.741784527163106 0.0660965300500105 -119.602099485122 0.0227644104282569 -0.0683921523287314 0.997398764345384 -3.14969960769365
0.739606469831139 0.673003435514603 -0.00697463758641736 31.4453776880014 -0.668795506230088 0.736065111492735 0.104502260691468 -120.309208771857 0.075464167857068 -0.0726259418440111 0.994500192026583 -3.26144006421116
0.736849159286239 0.676043636114072 0.00428001504962894 31.8373371964138 -0.673825101856932 0.733887625494799 0.0858410464352672 -120.716514687194 0.0548912430780809 -0.0661358844748434 0.996299651820712 -3.2351748621543
0.735003006444988 0.678056095752499 -0.00324214893403537 32.2054289327351 -0.675383187669208 0.73251362475414 0.0853307644600273 -121.104325931229 0.0602339632650047 -0.0605286755384018 0.996347403824066 -3.22132085538752
0.733289606686652 0.679916402982056 0.000194116661962774 32.5809398826018 -0.677478659444304 0.730636286879612 0.0848132200327377 -121.486688136293 0.0575240708128668 -0.0623241626555572 0.996396848663423 -3.22530237863437
0.731817180876721 0.681499083013043 0.00161667128062461 32.9605716564984 -0.679493535261283 0.729477503169075 0.0784289991542404 -121.88583186506 0.0522699656760108 -0.0584942067438662 0.996918391076037 -3.24609329653182
0.730088791371641 0.683347129183867 0.00265664255500686 33.3343918992561 -0.681405796310249 0.727710442811109 0.0782537678227387 -122.279227710647 0.0515412210593949 -0.0589424504056864 0.99692993237834 -3.27664101395367
