-0.0791345549463186 0.992145263372623 0.096878782923378 4.74194639869417 -0.994129529098598 -0.0857371604698769 0.0659971112152904 3.04470114467171 0.0737848330461548 -0.0910874068234991 0.993105675510174 -1.65655894535706
-0.0287995052511378 0.994992745112334 0.0957080230237493 4.67495028422444 -0.996889422745592 -0.0356170924482165 0.0703057717651869 2.03186117147079 0.0733625743499577 -0.0933855443811301 0.992923497952077 -1.61702700180837
0.0166239685704552 0.995350446116677 0.0948743014957224 4.67583827361477 -0.99695047850155 0.00926503025996937 0.0774848541962263 0.897826437965136 0.0762455709172481 -0.0958730860545051 0.992469125104596 -1.61643430318737
0.0448818121517409 0.994481345496971 0.0948286686424848 4.6898155574022 -0.995786158558815 0.0369367932092672 0.0839380708027677 -0.208531576625789 0.0799721786663991 -0.0981963683948964 0.991948549005142 -1.6054413572759
0.0587240199881172 0.993677354433315 0.0956911948030917 4.72870986158463 -0.995139046243746 0.0506789328880531 0.0844388796847618 -1.42385655666186 0.0790554749370641 -0.100184634788655 0.991823205432672 -1.57475549241635
0.059412877982819 0.993514538975342 0.0969482891773061 4.74701342654371 -0.994884297920612 0.0509846163691958 0.0872112529705427 -2.68593070079158 0.0817027764571357 -0.101633802144237 0.991461157373752 -1.58710156613305
0.0589900802231922 0.991716520661992 0.114098698859063 4.74912158980908 -0.995139602842714 0.0493922776023309 0.0851913949134461 -3.77546603354616 0.0788501191457935 -0.118569581087747 0.9898100389223 -1.57611659472396
0.0579155129470285 0.991735567595401 0.114483000162949 4.76049404846864 -0.994956288817781 0.0479316776283629 0.0881166137665097 -4.99025405506139 0.0819010177105764 -0.119008899860295 0.989509527519575 -1.5450278792338
0.0572829610325685 0.991397796263233 0.117682079943152 4.78111836058452 -0.994815148401486 0.0467600534190078 0.0903123353434086 -6.29862790783485 0.0840326298902396 -0.122245273809079 0.988936100132396 -1.56750884340587
0.0555911331971617 0.991623523721513 0.116586504845065 4.79242161663672 -0.995041062202925 0.0453763146948389 0.0885114376495767 -7.68732319542603 0.0824797577587097 -0.120928810739409 0.989228645103455 -1.50763219611174
0.0545820433152438 0.991953206432937 0.11423500687156 4.81307554193302 -0.995197200577449 0.0447332264022951 0.0870716395759831 -9.08687201645657 0.0812608916413164 -0.118438907049386 0.989630685047003 -1.46580621578291
0.052227448958013 0.991657131968617 0.117849167121016 4.79535594369041 -0.995589200438221 0.0424941826908818 0.0836444164796179 -10.5160592619456 0.0779386781137575 -0.121697892558635 0.989502493882996 -1.49352337366998
0.049080267058661 0.991601345240446 0.119657425606548 4.80238076433555 -0.995513466015013 0.0388635896056867 0.086270275215367 -11.9472546622589 0.0808954038757754 -0.123354746646803 0.989059927462171 -1.47985554232762
0.0394081941674713 0.991624938979486 0.122991766498382 4.79142766008272 -0.995981444489097 0.0290748223769862 0.0847090133171139 -13.4156413137412 0.0804236063968229 -0.12583574650186 0.988785825361817 -1.44362934134267
0.028348225372924 0.992120629267286 0.122037023482577 4.74792149487736 -0.996178087695904 0.0179494402851768 0.0854811978623527 -14.8967651237801 0.0826171635481377 -0.123993848943123 0.988837666005667 -1.43926109480061
0.0229337033280932 0.991479466965785 0.128228358161934 4.72713575921256 -0.996168647276949 0.011835908141489 0.0866483552116185 -15.8983161371633 0.0843923659703388 -0.129724237765008 0.98795220061611 -1.42288041876351
0.0190487047061154 0.99270729821534 0.119035149930684 4.67569033435228 -0.996396072050838 0.00900593706656051 0.0843431129328896 -16.9319284540796 0.0826560006936957 -0.120212782879169 0.989301204073748 -1.38689794763847
0.0158595002635873 0.992815246567668 0.118601696590585 4.63904037317365 -0.996132954097703 0.00543702441555256 0.0876902305053985 -17.9974691310636 0.0864153575007039 -0.119533781619593 0.989062212926844 -1.36885843267704
0.012762594272587 0.99293650727762 0.11795850415614 4.59034285413463 -0.996289377553671 0.00258578603102827 0.086027843657265 -19.1031269507801 0.0851151711573818 -0.118618743147626 0.989285096123927 -1.36827713115767
0.011458439353075 0.993128153815006 0.116469628090714 4.53767492615697 -0.996384732681823 0.00153441801350432 0.0849418038420052 -20.1825287407493 0.0841793837359585 -0.117021859758581 0.989555312093506 -1.33517403744878
0.0122098362118452 0.99428369328412 0.106070057834282 4.47487290730376 -0.996356679551627 0.003143384223636 0.0852260890131577 -21.2101264768937 0.084405491601767 -0.106724207211441 0.990699579379418 -1.33478966416992
0.0129511128095275 0.993700633095688 0.111316308159344 4.45811504310213 -0.996402347463268 0.00350069770436561 0.0846764848424309 -22.2181302673695 0.0837533918518092 -0.112012485468422 0.990170981423159 -1.30648214008032
0.0138671919859588 0.993670822160773 0.111471961374862 4.3955609390542 -0.996340333689192 0.00432801547733126 0.0853651436251101 -23.7331950609499 0.0843424000757169 -0.112247786028777 0.990094335950421 -1.28851786976839
0.0153406165449264 0.993100625860745 0.116257526203766 4.36878506758882 -0.996565934858666 0.00572398364149207 0.0826049241301447 -24.7703224356105 0.0813695456746357 -0.117125500751415 0.989778063057791 -1.2718219227953
0.0211077595936812 0.993191155655627 0.11456784371007 4.34145264353658 -0.996170003596851 0.01116746375587 0.0867214603607866 -25.800869484617 0.0848515551936525 -0.115959545017652 0.989622957242058 -1.25026981405535
0.0318024370882915 0.993399952824087 0.110204985024939 4.31661691402198 -0.995964542680063 0.0222387001123101 0.0869486626775158 -26.8187226607001 0.0839239817891105 -0.112525436886139 0.990098374574084 -1.24328298710432
0.0655472992832486 0.992426890125477 0.103886569452208 4.33963913564146 -0.994477884728745 0.0564196417820014 0.0884904560200256 -28.3186703667942 0.0819590650392844 -0.109113206245014 0.990644749585249 -1.23475238325026
0.107632326324467 0.990007615393056 0.0911054542480522 4.40125957959 -0.990869937094645 0.0993377691249384 0.0911524842631101 -29.793567577098 0.081191441002359 -0.100084609651239 0.991660738770533 -1.22285879795137
0.156596576053013 0.984956626563121 0.0730613177945008 4.5429117515755 -0.983993288757142 0.149216724019521 0.0974247245507557 -31.2572891687992 0.0850571575435096 -0.0871482246650976 0.992557538326287 -1.17790819663193
0.18747226629205 0.97955191000895 0.0730219485438474 4.70772045809761 -0.978788889198646 0.180037972838103 0.097768290961976 -32.2522933279895 0.0826223925615916 -0.0898019149804958 0.99252665269666 -1.15883418106082
0.239390138697849 0.96876179522631 0.0647529582654064 4.9866821282732 -0.967149178511538 0.232053868102701 0.103795321681798 -33.7088936174744 0.0855267677319701 -0.0874733468461735 0.992488582096969 -1.15216191149145
0.27340382261266 0.958855457279382 0.0764628133561129 5.24237869501961 -0.958146754544328 0.264460658832473 0.109614582451727 -34.6798647797248 0.0848831345848964 -0.10323164231688 0.991028799524817 -1.14753292651927
0.302183414548986 0.950935807642424 0.0663797688679659 5.5070853650776 -0.95009462671398 0.294791103632892 0.102070590809144 -35.6492944732517 0.0774944143841495 -0.0939111013797101 0.992559983465435 -1.14867507082839
0.327389239690774 0.943268789336709 0.0553197685999778 5.78910035610935 -0.941478463468667 0.320677548300521 0.103847064670324 -36.6121694307742 0.0802158872005536 -0.0860807822874854 0.993053629146686 -1.10820575358185
0.347119751351731 0.935466336851437 0.0664124298551719 6.11779694005586 -0.934294808125962 0.338811418390373 0.110905519597418 -37.5582967086568 0.0812470905964201 -0.100546284794907 0.991609477003703 -1.10598861740483
0.361569429271732 0.930929846300872 0.0513533745955284 6.40905806856883 -0.928782319706972 0.354830299674898 0.107046069672636 -38.5238795241217 0.0814306478904103 -0.0864006926989329 0.992926971073552 -1.10498475664776
0.378373279488916 0.924110975584215 0.0534094202701178 6.90889012010937 -0.922016900195745 0.371149792383484 0.110148387946089 -39.8961755814906 0.0819664389993126 -0.0909215948962854 0.992479101270797 -1.07916080703984
0.379146705434183 0.923622267315647 0.0562999385178155 7.3825442091294 -0.92187241341825 0.371767758647667 0.109270247590537 -41.253612874193 0.0799939318749439 -0.0933308145726477 0.992416409535026 -1.06598407159754
0.36685212611747 0.928707295579585 0.0540580863548574 7.82606055425055 -0.926579766713462 0.359598603466492 0.11017613308779 -42.582044024844 0.0828821662381003 -0.0905074777143166 0.992440901513772 -1.05042197893244
0.353482346698533 0.934087284412133 0.0503107908113735 8.24765873571934 -0.931723261550541 0.346777459359706 0.107875657892092 -43.9153318156496 0.0833186321186515 -0.0850078748093039 0.992890561321982 -1.01732546051264
0.343500175121974 0.937617914381111 0.0536682058838085 8.64158557090799 -0.935306079637754 0.336367510198428 0.109815461004199 -45.1697572038095 0.0849127027236037 -0.0879178293324186 0.992502034356428 -1.0115529175581
0.330307979862594 0.942297340661879 0.0545193563850241 8.98812453696525 -0.940027132962935 0.323203734185891 0.109033643898469 -46.3949150412152 0.0851212531191499 -0.0872643569267597 0.992541840063977 -0.976569620176172
0.321534884164222 0.945290025384879 0.0551551101291105 9.31269388437909 -0.943295388083025 0.314691756386235 0.10565466995757 -47.5639595175687 0.0825174471660165 -0.0859992230802182 0.992872098783527 -0.952238041653913
0.31036403057212 0.94906179061124 0.0543680616613693 9.56701814134892 -0.947168924930836 0.303864498705898 0.102651809879697 -48.5377908688434 0.0809023866915669 -0.0833551679741589 0.993230446472321 -0.940082936039776
0.294299778703831 0.954114009607829 0.0552638844540374 9.82872980640936 -0.952117639269802 0.287690854212766 0.103469673787212 -49.5862881428698 0.0828229512042336 -0.0830688213013909 0.99309613315198 -0.933943747598429
0.26751993974904 0.962048757027659 0.0538077219199102 10.0880426439104 -0.959804383508381 0.26114291356367 0.102858757981882 -50.7956351460805 0.0849036349914885 -0.0791616561033033 0.993239550646376 -0.895832636955409
0.242265663696197 0.968821079234252 0.0518947456417308 10.2680045106988 -0.966366121234619 0.236203868215584 0.101706697763503 -51.8306111249888 0.0862778530319487 -0.0747893646942797 0.993459955410795 -0.87212876537279
0.212227352878183 0.975598369591076 0.0562794095699974 10.4666663272847 -0.973688106246259 0.20621704904694 0.0969845371022846 -53.0671941201183 0.0830121825089055 -0.0753813633042024 0.993693427381657 -0.840874838454703
0.185460727260679 0.980857510693664 0.0593537055268781 10.5872184828865 -0.979129708262616 0.179349237991257 0.0955974122532625 -54.0716331379597 0.083122397953288 -0.0758445419775663 0.993648968404188 -0.835697174161824
0.153408136984707 0.986137896268675 0.0632296848772383 10.6810559025446 -0.984480929768651 0.147004717061828 0.0958483807032052 -55.1113404331536 0.0852246585721305 -0.0769523404736024 0.993385672771104 -0.8033675824331
0.120723426679056 0.990412642170919 0.067146500123862 10.7401033631589 -0.988744635947131 0.113946948265115 0.0969543081396529 -56.1677072563943 0.0883736337186503 -0.0780953981300085 0.993021253374909 -0.819964312044419
0.0906470395373082 0.993472861921599 0.0692443994011935 10.7712031307584 -0.991540080757154 0.0835468403295662 0.0993387825727897 -57.2722632701189 0.0929052338419083 -0.0776633639257036 0.992641435478354 -0.777902187261113
0.0687801969280565 0.994763958468126 0.0755906835751644 10.7975557212077 -0.993551028292817 0.0614556310914856 0.0952867230280844 -58.4216177172413 0.0901423246251252 -0.0816570409699632 0.992575684253452 -0.756289684116999
0.052085041599604 0.995955722047827 0.0732075690195923 10.784026851487 -0.994269405982589 0.0448644083880789 0.0970336703779631 -59.6178832348722 0.0933568249706417 -0.0778420489207376 0.992585068722688 -0.740104546141718
0.0433332870736569 0.997482005723589 0.0561415575936362 10.7499845239671 -0.991642555129651 0.0361083750772198 0.123859711388393 -60.8082833084969 0.121520652925029 -0.0610396060515653 0.990710299434574 -0.748862796491835
0.0395456988305452 0.996958747165751 0.0671520227074438 10.7470826230972 -0.994995061706009 0.0331176398213011 0.0942764504705362 -62.026286325497 0.0917658154470429 -0.0705441590945971 0.993278690364882 -0.688910387543274
0.0358101861607032 0.997287712564548 0.064302791035113 10.7158023592406 -0.996297793039568 0.0305944350667375 0.0803410737259033 -63.246974375723 0.0781558580761523 -0.0669417576010431 0.994691139468761 -0.706498449912268
0.0306066343798473 0.996720654861881 0.0749077439497542 10.7070042396323 -0.995044965015352 0.0232908122412877 0.0966594830460814 -64.3863728897747 0.0945978410405491 -0.0774949949147986 0.992494722521797 -0.6538475614678
0.0264049089330778 0.99679101160018 0.075567585493557 10.6732359512179 -0.995042761068583 0.0189576122712343 0.0976243442076846 -65.5970954693171 0.0958784878335221 -0.0777707408352505 0.992350254416602 -0.626842417196362
0.0266093200126409 0.996550381595052 0.0786084030573024 10.6503606869627 -0.995419638180979 0.0191915012282887 0.093655913877625 -66.8239800547213 0.0918242234495527 -0.0807404683127306 0.992496493074172 -0.56871226814237
0.0372158959775604 0.995994024314782 0.0813073220308813 10.6326681138427 -0.995049667723088 0.0294318257023517 0.0949206321091375 -68.0159321730637 0.0921473594345447 -0.0844373801409806 0.992158854712373 -0.564966534223792
0.0476134504890312 0.995267109164967 0.0847132855397415 10.6308323648473 -0.993946504937321 0.0388016011510736 0.102785120863868 -69.2696123531192 0.0990116389896442 -0.0890944283472444 0.991089742748891 -0.566072112518941
0.0547784465073956 0.995650826905268 0.0753574991695918 10.6264554567594 -0.994079774623795 0.047288154789147 0.097822451924595 -70.5994701295953 0.0938334880633694 -0.0802699277406944 0.992346721271533 -0.498314695851807
0.0589013498784124 0.995721828981808 0.0711945943988947 10.6335380898853 -0.993928276719536 0.0518565831898169 0.0970436783989943 -71.9858841652822 0.0929366005394577 -0.0764783241775068 0.992730504321876 -0.484164785296199
0.0606237648309214 0.995440765514338 0.0736372289670952 10.65879189441 -0.994125768997102 0.0535875884032632 0.0940336417727137 -73.3886662111121 0.0896588788332852 -0.0789053402587536 0.992841997865223 -0.455648788807232
0.0556760533173416 0.993243563925548 0.101820429224612 10.6400444292872 -0.995328112884559 0.0471560613704064 0.0842511339846339 -74.7949977316979 0.0788804461743903 -0.106035506301003 0.991228705503839 -0.475987693164284
0.0513001951582167 0.994389592893184 0.0925074457676583 10.6612179559 -0.995428952228524 0.0434413680212831 0.0850532104606745 -76.1127797750732 0.0805573773279468 -0.0964478361093015 0.992072741218038 -0.387980690677265
0.0542435021616259 0.995340509321766 0.079717708047391 10.6768440831396 -0.995708113284308 0.0479222745553208 0.0791758090659488 -77.3984911994955 0.074986636229696 -0.083670341845434 0.993668092615649 -0.318060747078049
0.0627056303731589 0.994114967363997 0.0883370566771583 10.6920199578591 -0.993519145842852 0.0537693666966263 0.100142708415214 -78.624277968851 0.0948035377145575 -0.0940440687546134 0.991043895278552 -0.320617669281142
0.0677987382713954 0.993637944557549 0.0899275609824943 10.7255749997579 -0.992979172191854 0.0584462785922248 0.102841606910328 -79.8574298237887 0.0969313916230719 -0.0962687262519526 0.99062436759038 -0.331617651702358
0.0738229551978032 0.993068386928456 0.0914622882349991 10.7487757363627 -0.992961559483872 0.0646769573445817 0.0992181060895651 -81.0965842309654 0.0926148620536478 -0.0981431101604486 0.990853378282988 -0.292068691712971
0.0799110420526746 0.992452036188478 0.0930224769794781 10.7912150791879 -0.992601479209862 0.0706688291340096 0.0987330747987908 -82.4308775347658 0.0914140515919243 -0.100224111141831 0.990756578942264 -0.256845081374345
0.0881117810703409 0.992379431012539 0.0861358168234565 10.8461158706021 -0.991306663386062 0.0788761354013624 0.10530742799319 -83.8075076307383 0.0977108651226017 -0.0946658342137101 0.990702259344154 -0.218258201551739
0.103043489182008 0.991859105370433 0.0748168058056509 10.9150263583758 -0.989596889787164 0.0946346432047524 0.10836180152193 -85.2895572925124 0.100399377790732 -0.0852044564519506 0.991292169614973 -0.197200955827936
0.119569838784518 0.989478771009641 0.0814543760291694 11.0021010728549 -0.988291688497526 0.110790588884831 0.104904641752714 -86.3283889191046 0.0947765377071633 -0.0930441139234993 0.99114085818537 -0.16290724256317
0.141441734264753 0.987133763390016 0.0745732457630858 11.1020105892756 -0.985572684746939 0.133343183494966 0.104240483959626 -87.395730466482 0.0929554672350595 -0.0882413088688644 0.99175236451456 -0.166630743343493
0.165283235007051 0.98422293305651 0.0631400845045769 11.2248536561932 -0.981874328488775 0.158191695142205 0.104394399479801 -88.489500370156 0.0927591250514813 -0.0792502721362963 0.99252966660247 -0.13707878826817
0.191998472565829 0.979792416779187 0.0560660909497381 11.3788481092999 -0.977279009026414 0.185654047705901 0.102265894054492 -89.6045708872325 0.0897904507658696 -0.074427109257387 0.993175855706759 -0.0833029746984392
0.219366261667003 0.974251352786783 0.0520840170817188 11.5768759192651 -0.972462274573583 0.214032517443667 0.0922345163585706 -90.7408085817951 0.0787119290413926 -0.0708828827704611 0.994374199764221 -0.0688736975995284
0.245842665460691 0.967720641784241 0.0554810175094115 11.7966830293028 -0.96561326695221 0.239509676298072 0.101124347441524 -91.8305718550104 0.0845718778617571 -0.078433885689093 0.993325587635115 -0.0446412080058804
0.275507551788886 0.960407585487819 0.041386696470621 12.0409881291215 -0.957695262535828 0.270495895266631 0.098243344610895 -92.876038105136 0.083158721874048 -0.0667026264952213 0.99430145659901 -0.0428135173476566
0.311964983052105 0.948964107927607 0.0463138339425339 12.3423625093345 -0.946127282787368 0.305843762140887 0.106314429523462 -93.8494196543483 0.0867237805604117 -0.0769851610679962 0.99325337696916 -0.0037343930432479
0.347576107128785 0.93637806752696 0.0488565697493896 12.6672704934312 -0.933376825640928 0.34055156561209 0.113279885750381 -94.7990153492519 0.0894346191900263 -0.0849749716895005 0.992361175720162 -0.00107639195058848
0.37900891449743 0.924576591901753 0.0388634589147502 13.0083254464198 -0.921545010453202 0.373274015270386 0.106870497485186 -95.7679991229793 0.0843032409832944 -0.0763192978955019 0.993513124386611 0.0188229507717445
0.415460996866206 0.908165144564653 0.0512662684501369 13.4240779163984 -0.906338958963985 0.408532312954213 0.107939986735047 -96.6940929447747 0.0770834064310745 -0.0913094708677327 0.992834693684118 0.0270300129288623
0.471015082620612 0.881337786250818 0.0372625612431962 14.0575192275049 -0.878826589583047 0.465185319649195 0.106143505805604 -98.0249711561224 0.0762142859687474 -0.0827425217731551 0.993652382729942 0.0388390647895226
0.526360131111488 0.849504780383509 0.0358697711431167 14.8014934687549 -0.846808824109631 0.519957798673277 0.112065619209943 -99.3191143684517 0.0765495119929968 -0.0893617127432203 0.993053199234176 0.0579645939866125
0.576698040353376 0.816431978925085 0.029294949070537 15.5954084654363 -0.813638029647403 0.570756299428601 0.110591154140187 -100.559334845991 0.0735698781028328 -0.0876131865134368 0.993434146073558 0.0341979521916159
0.617071332858248 0.786323822168922 0.0302954923083536 16.4328453908868 -0.783592577032738 0.610486577737915 0.115277107966159 -101.725558960674 0.0721501447243186 -0.0948735215510998 0.992871276412381 0.0534051586858014
0.65014724974097 0.759277651307026 0.0283901722421947 17.2837040409735 -0.756696086035706 0.643653714875869 0.114546622406499 -102.813223089609 0.0686992505963044 -0.095954903742251 0.993012119470515 0.0470166424591129
0.67749336208749 0.734907088247151 0.0302376581679446 18.1505616929643 -0.732856788141286 0.670960419344859 0.112840789379609 -103.824876236359 0.0626392241541074 -0.0986087588232717 0.99315287860465 0.0442148845262702
0.694667119375611 0.718749503217078 0.0289265428905571 18.9117788007499 -0.716913258062034 0.688477429281389 0.109700545964765 -104.677548367639 0.0589319410275282 -0.096943184367415 0.99354368063585 0.0623491605026797
0.71030349752318 0.703414229160724 0.0260262102611958 19.7000734977076 -0.701232028981951 0.703918355763305 0.113015883615298 -105.532731428854 0.0611766535223619 -0.0985259896357874 0.993252257198589 0.061094421249573
0.72063841841719 0.692745521691741 0.0279984299061008 20.4696287961912 -0.690709812501713 0.713853991443922 0.115466158736775 -106.324555491178 0.0600018734292158 -0.102548140283563 0.992916740774053 0.0389021192726908
0.724393542689387 0.688799778483416 0.0284404724136523 21.2698777324025 -0.686628357214832 0.71719415233307 0.119054806403246 -107.157413160876 0.0616075837732809 -0.105770567836447 0.992480273154673 0.0220127797615542
0.710226862298988 0.703360284020003 0.0293617937503089 22.1288039482371 -0.700948326619128 0.702697944352797 0.122012468265313 -108.085173469534 0.0651862522222191 -0.107237632693243 0.992094170255813 0.0250753599237191
0.691045499322361 0.722329683550256 0.026380790899833 22.9908852039291 -0.719523756434426 0.683967158665801 0.120309973789062 -109.101066991844 0.068859870699877 -0.102121271676481 0.992385793972471 0.0200662961051138
0.682815448862861 0.730004451812495 0.0292670997562983 23.6544601788977 -0.72701133299786 0.674963902367764 0.126008936957478 -109.888882089927 0.0722328490846219 -0.107318362056161 0.991597289568047 0.0212094065390507
0.69140540926715 0.722087186754342 0.0234233806552379 24.3311600505199 -0.718563356044322 0.683942311808911 0.126054025988081 -110.669024607986 0.0750017558890683 -0.103985618441593 0.991746806282166 0.0155487908798838
0.714464615320818 0.699409967811495 0.0191313977639853 25.0688628742586 -0.695853368854131 0.707447295854168 0.123719087625882 -111.488920451753 0.0729959074800435 -0.101705557933425 0.992132842403987 0.0119569725474215
0.737814801300233 0.674672396589477 0.0211299849150005 25.9111063966651 -0.671652830222845 0.730677847742863 0.122443286755542 -112.304156114956 0.0671698938211227 -0.104532483458814 0.992250555689433 0.0389382162853004
0.759787346370137 0.650006950674103 0.0146339458516524 26.8260934786822 -0.646685031483818 0.753193595967558 0.120407130387848 -113.162663863366 0.0672432773636238 -0.100947367815234 0.992616728944548 0.00719870824088405
0.77467597546608 0.632137917365404 0.016696899850277 27.8665512722007 -0.629592567924269 0.768551922768618 0.113759133361622 -114.095680112665 0.0590790271603038 -0.0986387116581998 0.993368045143492 0.0139069266565466
0.777035429905927 0.629451866340018 0.00250771449291084 28.8847801215534 -0.625106956195323 0.771191993925322 0.120433391639122 -115.005963375358 0.0738730937969201 -0.0951486020210044 0.992718242779049 0.0216327677044447
0.767539519846653 0.640774709984379 0.0170545160589167 29.9684062583513 -0.63816196898738 0.76136719123315 0.114321045533616 -115.984273613029 0.0602692858072965 -0.0986294639455243 0.993297458987032 0.00120733680349494
0.758112335838764 0.650127529467898 0.0509890348707863 30.6903639429284 -0.651873429491794 0.753333803928213 0.0868862001796073 -116.694050368822 0.0180753470697829 -0.0991078971980131 0.99491251200359 -0.024217088915568
0.747454828716265 0.660698560987127 0.0692003651599853 31.4033510627548 -0.664193942072302 0.745224676245104 0.0590473473564602 -117.414548300934 -0.0125573222938731 -0.0900976882329263 0.995853764481459 -0.0979983619675969
0.734689254456964 0.67625704929332 0.0539268269654154 32.4229773734045 -0.678403523391725 0.732293930752721 0.0592811810983991 -118.49934694581 0.000599028516700539 -0.0801373961631847 0.996783646987159 -0.132613994312301
0.727887175361709 0.685060254253776 0.0295416313988286 33.483531627827 -0.684861000264225 0.724198147541858 0.0806377914753938 -119.630925145991 0.0338477511962004 -0.0789271254936699 0.996305594985928 -0.24316194163693
0.724284173465828 0.689073763099329 0.024285491039955 34.2155767908155 -0.688615202862735 0.721118873356905 0.0761358842779522 -120.40782039767 0.034950514348651 -0.0718673743544459 0.996801656323947 -0.265556652607929
0.720927810948408 0.692456352456907 0.0277000242456654 34.9574392546865 -0.692408031019044 0.718059933742038 0.0704347225075365 -121.217814310348 0.0288826934593882 -0.0699580695592379 0.997131715733722 -0.339123015836143
0.717507975716902 0.695906776955014 0.0299343042464582 35.7089456562575 -0.696139994865487 0.714948033727762 0.0651031229472887 -122.02943138557 0.0239042324979392 -0.0675504763631893 0.997429456559105 -0.393997210224023
0.715082631567548 0.698214002094916 0.0339711246359712 36.4645970539611 -0.698601753025804 0.712069630621896 0.070088742428958 -122.848426207922 0.0247471351817766 -0.0738515296023066 0.996962151175105 -0.43430947466061
0.717044929816582 0.6959391690258 0.0389261048656474 37.2361035000281 -0.69673017513389 0.713991609062369 0.069159563665687 -123.653251083086 0.0203379370201315 -0.0767115063351306 0.996845882327635 -0.493432539372921
0.724681488851962 0.6878314156355 0.0415293074848641 38.0287360810885 -0.688799985598593 0.721335963404769 0.072311878265557 -124.466614335919 0.0197817985705334 -0.0810084660006589 0.99651708910662 -0.521899223427774
0.748220572189591 0.661650094274346 0.0488377732807748 38.8555776881598 -0.663318202954296 0.744574823899497 0.0749486040197839 -125.240017015362 0.013226374475244 -0.0884730713933874 0.995990752294649 -0.585203911237512
0.780602361846764 0.622807688347745 0.0526358814326337 39.7247820988554 -0.624985378668985 0.776793442556279 0.0773642297935762 -125.953415719152 0.00729582957850146 -0.0932873567880718 0.995612494866478 -0.646147983571699
0.818162876618897 0.572638740903915 0.0519074150644369 40.6269419192032 -0.574967091898654 0.814052344199027 0.082046475473814 -126.610258574209 0.0047276374964125 -0.0969724358776727 0.995275839214261 -0.726254083894871
0.860282291003306 0.506677988535454 0.0564959796779649 41.5744050511375 -0.509770805535493 0.856412234244512 0.0818034892899742 -127.186345013014 -0.00693582077321242 -0.0991740942483959 0.995045925281949 -0.796467986652476
0.903852912487998 0.425786516134268 0.0419017334391294 42.5330567707327 -0.427715238235332 0.901634749818065 0.0641440012924787 -127.695740211386 -0.0104684081050956 -0.075898752287232 0.997060575809206 -0.887077957102145
0.939129502136198 0.341178334416969 0.040411908416684 43.5604829858481 -0.343444481718076 0.935381351516368 0.084306673595978 -128.043825292815 -0.00903693503444296 -0.0930541313423563 0.99562003919432 -0.931982551754066
0.963038172489532 0.268153627674035 0.02551686291996 44.5620227457476 -0.269363588404902 0.959004176977946 0.0880581954192059 -128.353221810676 -0.000857653575525669 -0.0916767173501951 0.995788453400737 -1.04586125846016
0.977535363082471 0.209008993885093 0.0272002646744433 45.5909585910353 -0.210528850999517 0.974435612825945 0.0784400366735705 -128.60837057362 -0.0101102334316168 -0.0824043501986945 0.996547693915494 -1.11411134393334
0.986434245695826 0.162667201209905 0.022064917154781 46.5990141618924 -0.163838665804796 0.983953019341191 0.0706636208855431 -128.81312443094 -0.0102161884191508 -0.0733201021540993 0.997256131650388 -1.20190666453212
0.992260042545058 0.121665357998706 0.0248505257796246 47.5976459731865 -0.123279769929628 0.989178463954784 0.0795491343394187 -128.944696742953 -0.0149032310112651 -0.0819969945247971 0.996521142070917 -1.3021844149565
0.996452643610278 0.0819408297908975 0.0191788804486684 48.6440746814554 -0.083103224776385 0.99402533196298 0.0707636449573819 -129.077057903274 -0.0132658612178293 -0.0721064479021672 0.997308717046571 -1.37211630955755
0.998866731361404 0.046268731812698 0.0111560492931126 49.6955163096236 -0.0469330777941319 0.996487826343227 0.0693491035163383 -129.16425583117 -0.00790817223862303 -0.0697941000815573 0.997530071930489 -1.44022733723247
0.999853404104661 0.0150648674659544 -0.00813757141641155 50.7722531385009 -0.0144305809188146 0.997222840281369 0.0730641167434823 -129.218535036817 0.00921567331612374 -0.0729359759610637 0.997294046295244 -1.53052678559038
0.999726771427447 -0.00486195825947305 -0.0228635923060103 51.8535515544825 0.00681660927062876 0.996253926702462 0.0862070030100529 -129.242992360793 0.0223588087630778 -0.0863393009689492 0.996014863733914 -1.60198085988038
0.999511273165971 -0.0203778902002312 -0.0237056196950903 52.9609435569864 0.0221615029448614 0.996739312553311 0.0775861495241085 -129.273889621921 0.0220472810424741 -0.0780735832515696 0.996703783978417 -1.66177695070596
0.999208697342797 -0.0338581809116932 -0.0208710981949878 54.1159770117955 0.0354753222866881 0.995941051396734 0.0827219659547855 -129.272912778707 0.0179855681914527 -0.0833969167782603 0.996354090476228 -1.71507780063648
0.998996909660766 -0.0383388872443176 -0.0231366422176247 55.3175963324919 0.0402553034495825 0.995216827855263 0.0890111009812262 -129.282740672052 0.0196133891110345 -0.0898531873590233 0.995761879009737 -1.77896332740138
0.999214963465281 -0.0327730567258208 -0.0222572132111271 56.5223939531636 0.0345222890935803 0.995919456257547 0.0833825413585331 -129.28893868299 0.019433690921148 -0.084085452966101 0.996269024037518 -1.81535059724636
0.999201935520096 -0.0317147485070977 -0.0242830554096681 57.6986349125691 0.0337719482841557 0.995404199725841 0.0896099027856347 -129.302795537804 0.0213294998063679 -0.0903584743966501 0.995680871837316 -1.89685236403477
0.999220647489154 -0.0313059356284848 -0.0240423797861835 58.8856466358857 0.0335326411402351 0.994560905634091 0.0986111908581326 -129.314926843918 0.0208244954204925 -0.0993405424724672 0.994835562800084 -1.95710020296892
0.999194956246739 -0.0350808200977767 -0.0194621548741678 60.0578642051351 0.036691348752434 0.995290705277629 0.0897226666717319 -129.341219345916 0.0162229571227296 -0.0903645287113637 0.995776615317394 -2.03385248839607
0.999209669699922 -0.0379405202024902 -0.0118555010411724 61.2096006417006 0.0389208920794389 0.994433666509984 0.0979124459466211 -129.335070697153 0.00807466023517332 -0.098296489450406 0.995124414344162 -2.07646110026101
0.999261024927594 -0.0384070420264607 -0.00151762427065203 62.4367310194871 0.0383509122724191 0.993603848855105 0.106210164618058 -129.347128854253 -0.00257130093968801 -0.106189880229236 0.994342545478358 -2.14230188533619
0.999261716535957 -0.0368541056244082 0.0108534217755195 63.678481174924 0.0353703029234744 0.992781113719467 0.114606290896407 -129.361693572473 -0.0149987845078856 -0.114137790151007 0.993351700719705 -2.26076877796673
0.99899816396433 -0.0392564339935785 0.0214848966953422 64.9168849633345 0.0366588618481464 0.993228767486993 0.110239481513048 -129.38294389427 -0.0256670263938035 -0.109341427768138 0.993672811306481 -2.3397964096492
0.998618546994236 -0.0424164789835892 0.0310135439728469 66.1758169765484 0.0385480789962173 0.9924814101789 0.116166673598762 -129.388127360809 -0.0357077471261112 -0.114810682255332 0.992745417534243 -2.44710305553041
0.998377983756425 -0.0401148561032802 0.0404004934409213 67.4711500295457 0.0352379964339474 0.992748677826862 0.114927569713863 -129.411089646028 -0.0447178393683986 -0.113317522885152 0.992551990501955 -2.57925012229531
0.998726797208108 -0.0370263224645725 0.0342612898645808 68.7696422859147 0.0329749533185799 0.993152536766243 0.112074489373879 -129.43286618591 -0.0381763931255015 -0.110802031387189 0.993108993438486 -2.74723196512766
0.999145458931276 -0.0325871871852115 0.025424931236297 70.1299151542375 0.0295591612197072 0.993321337406428 0.111530160230736 -129.468269317431 -0.0288895809073413 -0.110683313487003 0.993435753448877 -2.8751041473334
0.999162485082298 -0.0282243856870884 0.029626212325384 71.5125347670652 0.0248499852884196 0.993767845815527 0.108664377117491 -129.502775809617 -0.0325085624924814 -0.107837158140195 0.993636925989024 -2.99685785571839
0.999132208268681 -0.0277126091701572 0.0310940781038544 72.9169424552852 0.0240051780799617 0.993207981996611 0.113849268436705 -129.543199054578 -0.0340379468460692 -0.113004052100823 0.993011330440545 -3.13884648344794
0.998941079158233 -0.0274389323412195 0.0369300062572433 74.374035465767 0.023085114433964 0.993263954675861 0.113550842503446 -129.592012390852 -0.0397969579460137 -0.112578067729223 0.992845597665922 -3.29033508338399
0.998812643443038 -0.0249798557841113 0.0418247546715852 75.8388996477935 0.0200915323026951 0.99333847271923 0.113468096597925 -129.633337971471 -0.0443805546164426 -0.112493046099887 0.992660909349768 -3.4271379833544
0.998945471202531 -0.0234643934002708 0.0394634996713879 77.3102099275093 0.0186930966587447 0.992932249397145 0.117201178511273 -129.683979942949 -0.0419346360573587 -0.116339891479586 0.992323795920089 -3.62309066735818
0.998816991549989 -0.026946022668841 0.040478750639804 78.8158218663212 0.022537117842786 0.994144773942246 0.105679926015601 -129.743355160569 -0.0430893920863307 -0.10464263139683 0.99357597796242 -3.76486301438744
0.998841789344167 -0.0316811078343736 0.0362130814227683 80.2513627840417 0.0271898284945675 0.992592156213554 0.118412518973998 -129.747150096131 -0.039696260355117 -0.117290744859593 0.992303929289862 -3.89787360373575
0.998667533437142 -0.0322653434108702 0.0402753680697651 81.6251666389012 0.027733683303655 0.993720046847317 0.108403465369795 -129.794659558065 -0.043520115682164 -0.107142037073907 0.993290784927891 -4.07066841614489
0.998574071033974 -0.0311231379624636 0.0433725136693889 82.9796950736455 0.0260743460476591 0.993313574403109 0.112464533897181 -129.831003828617 -0.0465827557881551 -0.111173257530274 0.992708695274346 -4.19077084304759
0.998685525034387 -0.0312541823800737 0.0406250928681425 84.2906137257125 0.0261265229408081 0.992292210480748 0.121134527770805 -129.851247096252 -0.044097923826588 -0.119913907045786 0.991804430324446 -4.34547521703132
0.998526735056329 -0.0292443246900917 0.0457069890845012 85.5696231478394 0.0242261146730943 0.993993034746656 0.106728357257939 -129.915116213186 -0.0485536275225263 -0.105463815351773 0.993237096017788 -4.46795249380522
0.998893685348305 -0.0272257329378944 0.0383427286101861 86.8007943965023 0.0227692267778784 0.993423037603318 0.112215108924469 -129.931222506072 -0.0411456885131053 -0.111217929422316 0.992943908028945 -4.5889906790352
0.998867970308072 -0.0254409512742034 0.0401937294972336 88.052142913108 0.0206898851076928 0.993209095375461 0.114488521335934 -129.968776765164 -0.0428334746064764 -0.11352731328505 0.992611123548097 -4.69446591762475
0.998437010747483 -0.0245250554910314 0.0502200878413268 89.2913534596759 0.0184921616427628 0.992930013401042 0.117251986956221 -130.003054811426 -0.0527406439798249 -0.116140045378697 0.991831595752032 -4.82159221926752
0.998668280676817 -0.0225245604110617 0.0464145381135219 90.4618421650492 0.0173587920521653 0.993907927552136 0.108837970798373 -130.058689849503 -0.048583304832966 -0.107887328854256 0.992975320319797 -4.95652474098581
0.998809813662273 -0.0229651704243722 0.0430297232075385 91.5992049486515 0.0179746925965981 0.993435662701935 0.112971210925723 -130.08931612609 -0.0453416647025191 -0.112063308086751 0.992666081027582 -5.08659499162087
0.998970811242387 -0.0245896469410279 0.0381138760695339 92.7018204987405 0.0204313908896118 0.994167934792726 0.105889922543575 -130.126426567515 -0.0404953892689541 -0.105002222325454 0.993647149019547 -5.16121229553563
0.999567047700871 -0.0261167635080806 0.0135510816699867 93.7399453664767 0.0244491276157087 0.993486992448972 0.111291670818299 -130.147339992273 -0.0163694016199257 -0.110912174708464 0.993695392055353 -5.25601680877853
0.99958606213448 -0.0267377317294823 0.0106206444460173 94.7804192487401 0.0253817179897897 0.99338307943177 0.112008151000438 -130.171169240375 -0.0135452123782996 -0.111692216383294 0.993650530126671 -5.38404611228784
0.998195663104209 -0.0302635133021618 0.051860755129096 95.9297004503155 0.023790304226312 0.992345431488492 0.121179891189656 -130.195780698945 -0.055131112674874 -0.119727458699027 0.9912748842015 -5.49193043403588
0.996912328345325 -0.0310837005667246 0.0721083431523853 97.0824078452663 0.0230797790937305 0.993742016363185 0.10928919759709 -130.22818083085 -0.0750542030141449 -0.107287503808736 0.991391072249695 -5.60239804142603
0.997398121810063 -0.0307020966158994 0.0652255155069453 98.2453431944844 0.0232957483888911 0.993500355165281 0.111419712768708 -130.253296540011 -0.0682223916083295 -0.10961033505034 0.991630616577256 -5.7266374460696
0.999116622941152 -0.030691248457714 0.0287057665073606 99.4268670562115 0.0273976463969167 0.993683184929844 0.108825993951759 -130.28359429613 -0.0318644431079174 -0.107943389124975 0.993646255973238 -5.92067547667026
0.998872365000326 -0.0329642101476555 0.0341666399869758 100.690242251274 0.0285682159545257 0.992118603812483 0.122002184432682 -130.305903948666 -0.0379190648069537 -0.120888530549891 0.99194158482526 -6.03783187824397
0.998808560971902 -0.0331001035757287 0.0358586345601658 101.966917380092 0.0285740546663092 0.992349673853216 0.120106819970163 -130.348985615176 -0.0395598524917652 -0.118939093433129 0.992113153891294 -6.18456985962933
0.998765825475965 -0.0320943342270534 0.0379048753043043 103.286007725288 0.0270732534221155 0.991627919566997 0.12625810106434 -130.362700535305 -0.0416397023338861 -0.125076068237507 0.991272975695287 -6.30767101351272
0.998567450884229 -0.0305535330724886 0.0439263890088539 104.631670311089 0.0258290259826217 0.994203537063863 0.104365647156956 -130.429696846581 -0.0468605105750876 -0.103081562398372 0.993568459665539 -6.44830911128391
0.998327434573937 -0.0309008040576072 0.0488617814412565 106.012608997049 0.0251516840470388 0.993141157210985 0.114184213634034 -130.454573270288 -0.0520550301759375 -0.112764276977321 0.992257270908691 -6.61501613920969
0.997706706361875 -0.0294492914617415 0.060943148203375 107.440595939086 0.0227582645273996 0.993921778791691 0.107710533557602 -130.511180396033 -0.0637447211637018 -0.106076561388291 0.992312639064824 -6.77761954682847
0.997294789641804 -0.0293489309080061 0.0673924536418695 108.885420576727 0.021232211782421 0.992769564825896 0.118143067245733 -130.547631717446 -0.0703725495924427 -0.116392574548209 0.990707057032452 -6.95230300786583
0.997341448102503 -0.0303846783386029 0.0662329768247264 110.385172646303 0.0231458314487537 0.993941731262897 0.107443498363846 -130.596398736597 -0.069096355789223 -0.105624836929462 0.992002564230695 -7.14113764816077
0.996422030872293 -0.0376030182655352 0.0756911448562991 111.897110574837 0.0282702226214075 0.992274319681758 0.120799292270433 -130.611999715079 -0.0796487972619262 -0.118227270616484 0.989787038497325 -7.33967616821477
0.995741664860857 -0.043970217718926 0.0810256552819865 113.446509810025 0.035242848611017 0.993724532946074 0.106157874144539 -130.642388588768 -0.085184966290456 -0.102850243436062 0.991042556575266 -7.54070032727587
0.996260614092933 -0.0492860526750392 0.0709624817695177 114.955437401102 0.0406116645420286 0.992078090392525 0.118877059461642 -130.642877340491 -0.0762593044178979 -0.115550627756124 0.990369916200439 -7.74583109120758
0.996942012495307 -0.0484833626692982 0.0612861098951787 116.502553335039 0.040951951517767 0.992088424566857 0.118673904070503 -130.666270147132 -0.0665549501441713 -0.115801214953581 0.991040118878435 -7.97225089528893
0.996975522676445 -0.0458633604500935 0.0627404124329637 118.063492122978 0.0382497278390799 0.992325869603343 0.117585402309155 -130.6866784219 -0.0676517960165868 -0.114829964226217 0.991078863568152 -8.15933730002306
0.997596455510796 -0.0402873356235221 0.056375903901015 119.659428155972 0.0338502705830818 0.993264833050039 0.110811238633669 -130.709832852934 -0.0604604923379797 -0.108636559290294 0.99224121404617 -8.32668588090261
