0.999987692680806 -3.12233466433494e-05 -0.00496120066308682 -3.99040436261127e-05 9.25943463401144e-12 0.999980196490506 -0.0062933796015339 5.49747908233163e-05 0.00496129891427524 0.0062933021468564 0.999967889415041 1.12831347619922e-05
0.99998658080925 0.000326911833430991 -0.00517023501198416 -0.00224754809458048 -0.000360235982734183 0.999979160944844 -0.00644576652401778 0.00150764988004301 0.00516802007181935 0.00644754253173777 0.999965859799143 0.000140266043552748
0.999986695058654 0.000375305786741607 -0.00514478874556994 -0.00345019846279748 -0.000408787093561664 0.999978737211534 -0.00650830376818479 0.00187133285881841 0.00514223674894906 0.00651032029882319 0.99996558597325 -0.000911456138175433
0.999986752082996 0.000491271514755711 -0.00512389605661488 -0.00223052095678604 -0.000524435151906352 0.999978912308502 -0.00647301367805865 0.00222135473243053 0.00512060799824092 0.00647561507531748 0.999965922310918 -0.00122087083412373
0.999986144667892 0.000301693472822155 -0.00525542132422708 -0.00364184928182611 -0.000335436268426096 0.999979329733307 -0.00642087132995875 0.00134692106594988 0.00525337555829665 0.00642254522557205 0.999965575886525 -0.000551522605866611
0.999986059091175 0.000575446793227533 -0.00524885552177799 -0.00416345302071313 -0.000609485965791451 0.999978781411968 -0.00648577309907494 0.00112047859666114 0.00524501193114357 0.00648888178528049 0.999965191525695 -0.00103336009318051
0.999985830956832 0.000546260972173022 -0.00529523224455745 -0.00407503046151744 -0.000581073139115868 0.999978216022805 -0.00657493983664239 0.00176631692529921 0.00529152526031185 0.00657792359325871 0.999964364705873 -0.000876159187220474
0.999997556216267 0.00207072361189974 -0.000774380537839242 0.00408757930556348 -0.00206647112597777 0.999982999663614 0.00545252976567656 0.0114120326304927 0.000785658055239981 -0.00545091620585105 0.99998483501198 -0.0281906582660046
0.99992408396254 0.00954428502045361 -0.00779313384486088 0.00678587039851264 -0.00934799700952342 0.999647565236323 0.0248467355803709 0.0288005273158107 0.00802753159978287 -0.0247719991227853 0.999660895902143 -0.0131866874418231
0.999902150981212 0.0129204785710753 -0.00536187435883515 0.00533567216156621 -0.0127872730405552 0.999625954861338 0.0241751114939472 0.0388972058261056 0.00567222278580801 -0.0241041822315728 0.999693360129803 -0.0127903649828412
0.999927972552256 0.0112726155774239 -0.00412041813156937 0.014010520986307 -0.0111401977567958 0.999461665642959 0.030858951766735 0.0387003354097835 0.00446606106931244 -0.0308108268023728 0.999515256136833 -0.00498254068782654
0.999834490503426 0.0169725243366289 -0.00655171865978333 0.00617373907837397 -0.0167856269944832 0.999478143663175 0.0275986062332199 0.0502314201856353 0.00701671761983398 -0.0274840636962002 0.99959761500145 -0.0126622382796389
0.999877733935819 0.0148670305907833 -0.00484650191217832 0.0122934005771686 -0.0147151263665533 0.999441541277931 0.0300011770437396 0.052358821716435 0.00528982375778272 -0.0299261920298282 0.999538113728139 -0.00465366135006939
0.999977418955154 -0.00471919809220697 -0.00478442777723801 0.00764883994943304 0.00483241698841549 0.999701829185821 0.0239353393243851 0.0627890720332501 0.00467004559283632 -0.023957919189485 0.999702060007016 -0.0108983924857365
0.999968053190012 -0.00217934556405727 -0.00769045202110302 0.00403596773633485 0.00232176561346157 0.999825071142918 0.0185590010101435 0.0598546720409892 0.00764866026259574 -0.0185762635363192 0.99979818985094 -0.00922618231391779
0.999736866016156 -0.0210590577025842 -0.00909476865422136 0.00216722521811828 0.0213022039681753 0.999394218871341 0.027521108128861 0.0694554790222976 0.00850969061087637 -0.0277076050069548 0.999579848631657 0.00282766313636379
0.992775373035553 -0.119840012629369 -0.00595231611316706 0.00891033965975028 0.119854882860589 0.992788969889086 0.00220642721217198 0.0696952238048071 0.00564497551747286 -0.00290390074913267 0.999979850602924 -0.0157189395523656
0.99062554368429 -0.136385790271304 -0.00774263600315245 0.00259246291460483 0.13653406139385 0.990348018352334 0.0238590155896101 0.0837642967069511 0.00441387352626112 -0.0246924838296341 0.999685349979091 -0.0201788887626527
0.991984484463918 -0.125822875772524 -0.0116355711156398 -0.00157287590335127 0.126063385970501 0.991756130430707 0.0229739084781543 0.0807193412744979 0.00864900575254212 -0.0242565802503612 0.999668351511665 -0.0131840937084555
0.990897515018093 -0.134349141603035 -0.00851016342352861 -0.00169898838876487 0.134531406273118 0.990548815543265 0.0267272286631611 0.092532296415564 0.00483895207093216 -0.0276288287186281 0.999606538777379 -0.0185644150025253
0.992051543098835 -0.125351642143916 -0.0109864301319771 -0.00221198484436821 0.125567098824945 0.991845431854632 0.0218069484748836 0.0869725465142649 0.00816330373731716 -0.0230131510429003 0.999701833223871 -0.0135088039807083
0.991085444309591 -0.13297558028103 -0.00819372482968316 -0.00156971871998283 0.133149241204046 0.990737630000542 0.0266501044593921 0.09795275026202 0.00457401841359916 -0.0275035188627407 0.999611241836405 -0.0165574372059709
0.99188064764569 -0.126859627404196 -0.00891155210016958 0.0115220494181447 0.127018740551815 0.991690040303492 0.0204231121890999 0.0961296751464606 0.00624662905864052 -0.0213892238691905 0.999751709539762 -0.0173076976335643
0.991466836084779 -0.130083906253911 -0.00846701114692342 0.0458507699504168 0.130252199841752 0.991192139810532 0.0239271062647305 0.105415318843563 0.00527990344825007 -0.024825779172928 0.99967784976363 -0.0256566748267991
0.992265052855909 -0.124136386625457 0.000471589264822918 0.109682062043094 0.124099012682006 0.992046317506276 0.021060364991811 0.118646313187912 -0.00308219600463976 -0.0208389404196082 0.999778094694006 -0.0237377088761879
0.993138697894483 -0.116923634394604 0.00209534350612862 0.157054649068085 0.11681407327246 0.992728750542679 0.0290534013751988 0.137605462906635 -0.00547713702111019 -0.0286092916013148 0.999575664671826 -0.0321576491243179
0.993773540652543 -0.111284556325934 0.00546785353203483 0.259311528278309 0.111044654871817 0.993261421820598 0.0331787966527317 0.164294500588208 -0.00912329563846334 -0.0323650343158215 0.999434475106012 -0.0154218942171822
0.993843150672585 -0.110784109371559 -0.00163492260959806 0.313255490136933 0.110781741186859 0.993367349573659 0.0308012113497562 0.177628402351672 -0.00178820602749343 -0.0307926925057709 0.999524193007577 0.0146779475488797
0.994699892370772 -0.102704900008314 -0.00488135553473386 0.413677067828668 0.102813847811307 0.994064255838927 0.0355748220182945 0.209576611161501 0.00119867251891796 -0.0358881425777679 0.999355094251543 0.0235072478407201
0.995917164960197 -0.0902612812475347 -0.00137900152167343 0.455240489316377 0.0902697636565747 0.995675351775394 0.0219536702245994 0.220397446990666 -0.000608528577367198 -0.0219885191519977 0.999758038086452 0.0065436583698884
0.99632822645465 -0.0854461563005312 -0.00538697904175636 0.527076275420403 0.0855795828167 0.995763373416868 0.0336368721253581 0.239433948637373 0.00249001499006095 -0.0339743805671757 0.999419602214418 0.00944436916496626
0.996420232982972 -0.0841691008912846 -0.00789187920031808 0.600341529917697 0.0844086795495864 0.995715174153171 0.0377685951263233 0.264782895090192 0.00467911517863092 -0.0382995354576743 0.999255348479492 0.00247791751634646
0.997624246689688 -0.0688705069480505 -0.00164793493507072 0.656960518431512 0.068890055140543 0.997388725982869 0.0216769367070577 0.27905469084038 0.000150730105296974 -0.0217389639814635 0.999763669436657 -0.010646816181274
0.998813681051736 -0.0486067003696159 -0.00293585133484582 0.716982514929413 0.0486662921384913 0.998483257402747 0.0257444498075126 0.301441927197671 0.00168004564609268 -0.0258567856776301 0.999664245675041 -0.0134886948636466
0.999304066738349 -0.0372826141940479 -0.00117850712971962 0.797038914056317 0.0372984448193619 0.999116945299528 0.019343102889572 0.31681659957915 0.0004563050011115 -0.0193735978640346 0.999812210113254 -0.0254014739419673
0.999635343834526 -0.0269628627462459 0.00147762964093941 0.927821591885792 0.0269332148659324 0.999486736481254 0.0173454759242084 0.335952759615622 -0.00194455491416324 -0.0172993534728579 0.999848464056232 -0.0377735065437807
0.999749802144388 -0.0199696475391972 0.0100770178831546 1.09287074279785 0.0198319706473641 0.99971106554906 0.0135822810678155 0.353000275296135 -0.010345339651228 -0.0133790356873463 0.999856977448064 -0.0299405353926526
0.999791879027986 -0.0165310138540076 0.0119550914111068 1.16992645265811 0.0163264794955224 0.999722041109343 0.0170084269540713 0.374189838505802 -0.0122329349287731 -0.0168097025889307 0.999783871245131 -0.0225658780858343
0.999927191478915 -0.00914555341417648 0.00787214035937491 1.29894656600879 0.00902284315881068 0.999839392076318 0.0154847781318117 0.382618961262009 -0.00801249289676801 -0.0154126216202298 0.999849114142914 -0.00971461689587068
0.999988178172588 0.00177746430145709 0.00452594031396794 1.37934037558384 -0.00185786126109346 0.99983945317001 0.0178217910499774 0.392628205263908 -0.00449353609121845 -0.0178299889330188 0.999830935522624 -0.00407443812619422
0.999990303595711 -0.00407418506860076 -0.00167144565686147 1.40723369616148 0.00411403919954392 0.999689470636867 0.0245771637754574 0.393314248775486 0.00157079471022361 -0.0245838018582934 0.999696538600675 0.0107772311848659
0.999986580721162 0.00423834272965394 -0.0029790650387325 1.41930120405609 -0.00417187053718188 0.999749795700034 0.0219759298770572 0.401501203766789 0.00307146118647174 -0.021963206702263 0.999754061595918 -0.000777477875761825
0.999987051683738 -0.00314225616626995 -0.00400283537631707 1.4442396425145 0.00324528236238828 0.999656746303635 0.02599726354864 0.398354149297798 0.00391977132658635 -0.0260099172588959 0.999653999940446 0.0168464452488104
0.999977734835837 0.0041779613073676 -0.0052033135503731 1.5109855945367 -0.00404562311914998 0.999674510387836 0.0251894067897442 0.408273934868383 0.00530686029278671 -0.0251677952978713 0.999669154927608 0.0139684585259322
0.999911229606954 0.0118966601183017 -0.00600019865829359 1.59944990656628 -0.0117104170546677 0.999476063142795 0.0301739181576582 0.424641138149507 0.00635602378182507 -0.0301009747783841 0.999526654111373 -0.00482201222255183
0.998947329819079 -0.045864908375266 0.00080151547736504 1.76785971102019 0.0458410484121729 0.998763675957334 0.0192280490083178 0.446715743845235 -0.00168241725051143 -0.0191710659046885 0.999814802703117 -0.012761551952583
0.996896092847642 -0.0787284610545829 -9.73913936517731e-05 1.82496773796185 0.0787238797751774 0.996823124480705 0.0120917018516043 0.445735158444221 -0.000854879084990163 -0.0120618373601079 0.999926887957939 -0.0182972423037376
0.996175273620005 -0.0872574537817173 -0.00457831711881983 1.86549723836182 0.0873119991942608 0.996089493784382 0.0135031540417673 0.458556557197303 0.0033821627415627 -0.0138512501928801 0.999898346754951 -0.0101234626821481
0.99538049695931 -0.0957911770381712 -0.00645884468613489 1.90350127120895 0.0959013438611718 0.995195433186743 0.019722626850195 0.464557236069303 0.00453855909503908 -0.0202509300006811 0.99978462746506 -0.0102175672720321
0.995732501793694 -0.0922252886216463 -0.00335872153146233 1.9882401630637 0.0922638812874264 0.995634169754394 0.0141412951053731 0.476773710290035 0.0020398729008368 -0.0143908358385324 0.999894365801916 0.00640203334749092
0.996109996969545 -0.0880830918820898 0.00249857195687709 2.08423527202342 0.0880472481700065 0.996044321791552 0.0119746029786341 0.482275757373741 -0.0035434484646536 -0.011708029351601 0.99992518021184 0.0204342837531964
0.996769547293394 -0.0802780736111682 0.00242909155920624 2.14996724011606 0.0802253140040328 0.996630721932881 0.0170617435363246 0.494406031437933 -0.00379059117783672 -0.0168117517476563 0.999851487182821 0.0145280769113722
0.996247678042177 -0.0864885718761575 0.00320794800364171 2.27120189717968 0.0863690810175067 0.995886871919147 0.0273810186678341 0.510921173592344 -0.0055628985037214 -0.0270012087492328 0.999619922213597 0.0179459491477442
0.996231730876036 -0.0867154067573074 0.00166632129336855 2.3891790371639 0.0866576754282234 0.995993079449211 0.0220959946292092 0.533573369663172 -0.00357570763831309 -0.0218683314450848 0.999754465053642 0.0211147763961009
0.996225244078138 -0.0867664809942255 -0.00261549944244449 2.5359834690272 0.0868007877712642 0.996041143717608 0.0191745472960467 0.553477364021555 0.000941437062509855 -0.0193291954721114 0.99981273041438 0.01245220662161
0.997132676855108 -0.0755753280853661 -0.00384636614939044 2.59755871203048 0.0755926347754199 0.997128299087405 0.00457260612438183 0.550298695896509 0.00348974432815375 -0.00485025193655232 0.999982148210995 0.000857020458159646
0.996698650500448 -0.0811747234322618 -0.00156983001699118 2.6858724142064 0.0811838329853975 0.996674238981408 0.00704603524196633 0.557423486544593 0.000992649175454265 -0.00715021863496131 0.99997394417109 -0.000644742263446709
0.996569635197713 -0.0827502814788395 -0.00116323560364991 2.73178193732019 0.0827529442457951 0.996567042738103 0.00246567371821242 0.563812538611369 0.00095520707132001 -0.0025534767289291 0.999996283661117 -0.00242035533455574
0.996806489674419 -0.0798244714035541 -0.00220814585235473 2.77297652430425 0.0798195706281317 0.996806844325829 -0.00222514042791273 0.562876490213795 0.00237871555735369 0.00204178116516108 0.999995086408914 -0.00188801763024301
0.996372084109678 -0.0850824346665515 -0.00191031886052097 2.80607130494379 0.0850769785383822 0.996370514558197 -0.00277586775873488 0.56732309157116 0.00213956297325305 0.00260327298728553 0.999994322603902 -0.00165911365994028
0.99633739739024 -0.0854346516794104 -0.00356522847241757 2.87634419004463 0.0853992241171687 0.9963050279928 -0.00912489542144823 0.570342569270068 0.00433163731495519 0.00878700681031895 0.999952011563298 0.00425088683387774
0.997192391705236 -0.0745665025159395 -0.00686808763275572 2.90266317427502 0.0744243788771903 0.9970449784581 -0.0190347776512259 0.566747627761671 0.00826714908146975 0.0184701822954614 0.999795232341121 0.00809778571626862
0.997106880703076 -0.075924423140912 -0.003653823381374 2.94646118138108 0.0758284842556675 0.99688674578369 -0.0216068752088956 0.576277494860696 0.00528293763643936 0.021267300052535 0.999759867427376 0.00176226107104055
0.996293808809978 -0.0860146452522743 -0.00035683193865124 2.98251057543467 0.0859900809335997 0.996092762446028 -0.0201224894999077 0.568509553684305 0.00208626650742726 0.0200172276993175 0.999797458532124 0.00866200977509323
0.99612736558813 -0.0879152651013257 0.00108521362664931 3.04912802174079 0.0879168828755174 0.995861256271075 -0.0230430024877243 0.565949276553371 0.000945109466881316 0.0230491739626465 0.999733885765475 0.0151430228984503
0.995641962959837 -0.0931556427102045 0.00437124979046535 3.12793499860121 0.0932449648734588 0.995195084872364 -0.0298683707562916 0.5610975054008 -0.00156783903171145 0.0301458003233714 0.99954428246258 0.0142567121899804
0.996017313647199 -0.0890633967828974 -0.00414997210956306 3.18131576926213 0.0888455577310602 0.995334440704831 -0.0376273573116556 0.552101857858978 0.00748183042275243 0.037108792762556 0.999283222971962 0.0154340352507267
0.995117334431589 -0.0986879812017626 -0.00147413706636746 3.29826589866365 0.0985688585193848 0.994461159302147 -0.0364853774766667 0.52827774496749 0.00506664030254654 0.0361619275723779 0.99933309969714 0.00999643778663362
0.994571842609659 -0.103981433116473 -0.00383555146908212 3.33058717003978 0.103745421007313 0.993794345678134 -0.0401208937859587 0.520225200085731 0.00798357739630905 0.0395051903578922 0.999187471111775 0.0082034145387361
0.985791416898294 -0.167972669853177 -0.000681580552021749 3.42438214331323 0.167845864336541 0.985189500355967 -0.035063003486289 0.505797323210968 0.00656111231216187 0.0344504074105896 0.999384871425654 0.0047236589344643
0.981749158293843 -0.190173957811816 -0.00156715012694066 3.47895770485181 0.189944090086564 0.980906585203058 -0.0417554037995422 0.487216192479198 0.00947801828010741 0.0406956616295293 0.999126633762716 0.00907640870125226
0.971368854554313 -0.237572167192741 0.00141907617357951 3.58954881001364 0.237528802197435 0.971037329005568 -0.0258180906417291 0.462051138845299 0.00475568380928611 0.0254159605971731 0.999665650314358 0.00963448438659537
0.946093374824836 -0.32389394599525 -0.00019457692120352 3.68561331954425 0.323786155530092 0.94579367933123 -0.0252357211931352 0.442414761620921 0.00835772693949852 0.0238123473164805 0.999681509539755 0.0113625544646621
0.904338088297863 -0.426776571589572 0.00586344574614302 3.81021378071594 0.426675997306509 0.903601444893655 -0.0381054078654974 0.431688961696117 0.0109642772795889 0.0369619632642825 0.999256522568347 0.008226249815475
0.897990925633494 -0.439894457693846 0.0102549290654475 3.9153801929355 0.439895603657137 0.896964949975001 -0.0441105021448088 0.435452581429602 0.0102056534834076 0.0441219288628813 0.998974023701515 0.0130576706549679
0.892775319783052 -0.450414243517972 0.00890155168509018 3.9943420067315 0.450469056785086 0.89229570132196 -0.0297659248387369 0.449215141750361 0.00546418021515124 0.0305841566580479 0.999517259528865 0.0267158366081371
0.891517817933371 -0.452889951939833 0.00930976580029173 4.03856489332653 0.452804677812782 0.890392611042428 -0.0465716861613414 0.454209736821051 0.0128025020282516 0.0457349935277504 0.998871566473305 0.0248175124458828
0.890193534691772 -0.455535246934826 0.00656578959425285 4.10894525678632 0.455339325952425 0.88915497981833 -0.0454919784737553 0.462048959664966 0.0148851951334266 0.0434863273258668 0.998943126660145 0.026258188238064
0.88605439409712 -0.463448834098697 0.0110810141117203 4.16094382990976 0.463560375365779 0.885534229649625 -0.0306741994122665 0.476227101844803 0.00440330465936694 0.0323157282357126 0.999468010802083 0.0366031402659829
0.884138224341842 -0.467194245302088 0.00539790832329651 4.22525825724924 0.466989622340028 0.883266023312935 -0.0419740954360213 0.486062092278013 0.0148422668205439 0.0396316693764813 0.999104117646435 0.0187136410239006
0.882864791407804 -0.469618393262795 0.00288527324957708 4.2749991422277 0.469486517493777 0.882433155345376 -0.0299021109417003 0.495900328179119 0.0114965205179492 0.0277541178291592 0.999548667629298 0.0171366367725139
0.880285213416864 -0.474413385812691 0.00546647979653904 4.35431980268236 0.474243507617524 0.879517524104398 -0.0392685660025643 0.516967769663924 0.0138216685770669 0.0371599805571725 0.999213739558627 0.0176039019968241
0.878412060081029 -0.477882260272509 0.00456048473749332 4.42128024140911 0.477698723719184 0.877715056631123 -0.0376856566890868 0.530750635182223 0.0140065006788003 0.0352820730664086 0.999279236879698 0.0150300066927285
0.874796023995991 -0.484471922074002 0.0043443207442004 4.50122125230298 0.484268617873737 0.87408672443936 -0.0381615500409943 0.558679629503992 0.0146908864084716 0.03548739044778 0.999262139268641 0.0120434943831586
0.870884413962893 -0.491382259122115 0.0101888633592954 4.61951471506545 0.491381934478816 0.870079147935271 -0.0388081279642539 0.609286850567131 0.0102045080412906 0.0388040171667771 0.999194733906938 0.00151627017078017
0.865410077472976 -0.500806256240981 0.0160776714144263 4.7341943440731 0.501060302099476 0.864829999769032 -0.0317434270279455 0.65725963832746 0.00199285428449932 0.0355269645394806 0.999366731146485 0.0170007659637244
0.870203191287457 -0.492416621254487 0.0165008177203361 4.81411514775347 0.492692752741992 0.869749039242531 -0.0281151228382968 0.689240665676373 -0.000507216564789449 0.0325957029224509 0.999468490189835 0.0168852239725784
0.862837953900188 -0.505222537282009 0.0161509483209324 4.88546193529381 0.505478109752957 0.862493962759416 -0.0244140280195042 0.725075864899997 -0.0015955782383555 0.0292293008107934 0.999571459228502 0.0249262042023378
0.860445691250847 -0.509439625808306 0.0102215490091055 5.01865636725664 0.509542102535776 0.860262956040838 -0.0177339281406853 0.786942712787368 0.000241145750212738 0.0204673916308769 0.999790491917459 0.0308711007426934
0.861827981378753 -0.507137130931343 -0.00802875727301404 5.1179874948649 0.50698510503835 0.861815215464113 -0.0155125002432989 0.839130232669741 0.01478627004611 0.00929864642143326 0.999847439059006 0.0324379596725278
0.859186577029271 -0.511494587214599 -0.0131039346339628 5.11820753885239 0.511390404873049 0.859283130654154 -0.0105997724963914 0.845261028893693 0.0166817162337693 0.00240595581057135 0.999857955771785 0.0320884128224938
0.859634045092842 -0.510523561912528 -0.0198746383479623 5.11513464116777 0.510563391458097 0.859833400148118 -0.00339813074080982 0.845886739705662 0.0188237036770853 -0.00722611388446209 0.999796705064588 0.0264704348902564
0.858781731640383 -0.511870176875878 -0.0219740625693838 5.10924105371292 0.512026545487543 0.858967786690504 0.001777116796799 0.848462983424901 0.0179653588007157 -0.012777458787811 0.999756961681231 0.0254112175195961
0.845893699334411 -0.532422508090208 -0.0314662089435106 5.10489776371419 0.532914087651266 0.846116670919069 0.00944215948026644 0.850462495074073 0.0215968657254558 -0.0247558492434431 0.99946021597614 0.0264474300454877
0.835637404261864 -0.548573696264784 -0.027875228517208 5.1041911979793 0.548910730011481 0.835861602530237 0.00569138769080571 0.851074285144665 0.0201776875968689 -0.0200569484712103 0.999595207942328 0.0261098037471832
0.813380427722884 -0.580863497188266 -0.0317785687461898 5.09673438335532 0.581357717052635 0.813602788922074 0.00858525955175606 0.859785461158405 0.0208682682723499 -0.0254577982638044 0.999458061094548 0.0268390865329666
0.781037284641785 -0.623505647003309 -0.0349495086427911 5.08770975619883 0.62411140008119 0.781281419517775 0.00918171035196558 0.869515405854574 0.0215805534702893 -0.0289836448928685 0.999346900751005 0.0270424416011441
0.752014219256796 -0.657760710266447 -0.0427254264504261 5.07557000106351 0.658828538848629 0.75208461661512 0.0177111786583686 0.874730137913637 0.0204834185177017 -0.0414677884709095 0.998929853435746 0.0214009460018064
0.736300022679186 -0.675806642879022 -0.0338771020486689 5.07505615968971 0.676414377258942 0.736450565528732 0.0102056244203108 0.880008902177398 0.0180517821842424 -0.0304293603777181 0.999373897591375 0.0217711561066592
0.715557481437659 -0.697458826344783 -0.0390982904019129 5.06695141702952 0.698181496899185 0.715882214739971 0.0074331693514829 0.881718854433927 0.0228054411535607 -0.0326165628592533 0.999207721988296 0.0245657729311756
0.698172403428212 -0.715105178356881 -0.0343493664926699 5.06477652449015 0.715667492167875 0.698411316082597 0.00645555744453298 0.885716908383946 0.0193735837009832 -0.0290898170318828 0.999389036761777 0.0244545823630576
0.668538850509105 -0.742754319963746 -0.0370381632260243 5.05362380964358 0.743411232960084 0.668802302858149 0.00657407030725768 0.886648501297797 0.01988828973874 -0.0319296079968157 0.999292227561306 0.0237547132803822
0.614811737589898 -0.787605975883316 -0.041028698182849 5.04102538452317 0.788415207867183 0.615110181854415 0.00639720116741781 0.897699915900773 0.0201986961321161 -0.036280723971803 0.999137488908631 0.0284241982454018
0.524974517079271 -0.850036721718271 -0.0428873891469434 5.02205094775671 0.850855704045565 0.525396834133469 0.00165456207296793 0.900198516598375 0.0211264599616691 -0.0373595826125326 0.999078542596379 0.0292342549883907
0.384798152267832 -0.922482728905472 -0.0309191992518384 5.0101465563819 0.922807973247424 0.385186477617329 -0.00753803500504461 0.896865162400268 0.0188633645526025 -0.0256318616543508 0.999493462282715 0.0229177643771884
0.280934791522289 -0.958955211289951 -0.0384778592462413 4.99696764150391 0.95955454060452 0.281418225100341 -0.00767243029437177 0.899659074578693 0.0181858878687847 -0.0347661519472538 0.999229997628776 0.0237968829879793
0.200180986961913 -0.978739029111983 -0.0446932360865419 4.98357749669289 0.979557686683917 0.20085606103919 -0.0111167082481308 0.903631514137314 0.0198572635931341 -0.0415542493224726 0.998938903760304 0.0238016483751901
0.110726705903994 -0.992547844646905 -0.0508760521899489 4.9695193423284 0.993557076662764 0.111793503242342 -0.0186158009805379 0.901642275364307 0.0241646852450632 -0.0484869953656485 0.998531461330798 0.0241136460538592
-0.0484756430088905 -0.997795426560154 -0.0453254759546421 4.93976511265551 0.998733754003845 -0.0478100834607707 -0.0156551759128405 0.896528170879194 0.0134536481395363 -0.0460269774709829 0.99884959663436 0.0216419383340194
-0.253908941901256 -0.966236055180348 -0.0437965168946565 4.90478564100352 0.967189417479788 -0.253233257940553 -0.0204339860996525 0.882401720502234 0.00865331946085601 -0.0475478994523743 0.998831475935743 0.0208520840548535
-0.390166576526982 -0.919705392900673 -0.0437267976260979 4.88817359009114 0.920660860516755 -0.389051742751259 -0.0319737607227707 0.87379263780161 0.012394453346683 -0.0527326438899817 0.998531745010948 0.0268354155520542
-0.494920752100438 -0.867998556220465 -0.0403974694693397 4.87146253053908 0.86887156909987 -0.493772383806263 -0.0353698939807608 0.861704245487105 0.0107538621093547 -0.0526055072161601 0.998557467079519 0.0273589583475471
-0.568418054126003 -0.821670009032473 -0.0419441533492437 4.86678650468762 0.82269284085217 -0.567101266189349 -0.0396565694056278 0.846085341372613 0.00879803126812271 -0.0570486646908881 0.998332632193695 0.0242534677770788
-0.707107390839327 -0.705980580777868 -0.0398817926495862 4.84941245955036 0.707012242586044 -0.704968738086722 -0.0561495071560614 0.827401075634796 0.0115250446356121 -0.0679006471615722 0.997625518649752 0.0298255831403089
-0.784855625314413 -0.618726142392228 -0.0343454237527167 4.84447757805138 0.619593356373015 -0.782621691174522 -0.0600613123528999 0.810939277259311 0.0102820304776677 -0.0684196552429388 0.997603644051932 0.0246995021742935
-0.851258768811816 -0.523974420415408 -0.0284484669416037 4.83905197997878 0.524719667831791 -0.849419467397404 -0.0561768510759167 0.791658260574709 0.0052705513454565 -0.0627485072065317 0.998015453854231 0.0219405822790787
-0.905128797525774 -0.424668561198838 -0.0199617889692945 4.83885762733143 0.425128062679563 -0.903798324011762 -0.0491397988991707 0.777002272505842 0.00282669628138619 -0.0529641637603992 0.998592412921956 0.02290949202067
-0.946659460339795 -0.321823032325951 -0.0163034356409026 4.84271018462652 0.322235133264171 -0.945542716180842 -0.045972717644041 0.76303952499153 -0.000620515422508489 -0.0487740478316717 0.998809645137012 0.0196145687037945
-0.971063300880464 -0.23850089065675 -0.0123851055334687 4.84513582350357 0.238803383287144 -0.970331842371834 -0.0378029074264884 0.756138975043048 -0.00300163517962812 -0.039666621172205 0.999208461408844 0.0207173617405026
-0.994289675948732 -0.106685175648251 -0.00251268753863093 4.85950161942816 0.106713933252172 -0.993913541408127 -0.0273497468983883 0.756853167538508 0.000420418381817012 -0.0274617097511594 0.999622767720867 0.020640593270341
-0.998816421254671 0.0484038251918813 -0.0047776917864163 4.8688381401277 -0.0481334813445775 -0.997780216958895 -0.0460196329745415 0.751868782516096 -0.00699461261710743 -0.0457351981766134 0.998929110118472 0.0135856150694321
-0.984410714836921 0.175881806005598 -0.00106528422042536 4.87183939316319 -0.175691491624073 -0.983593507948916 -0.0409427758176503 0.743384280548087 -0.00824889599702148 -0.0401173458363709 0.999160925115607 0.0133224166975208
-0.961073722559154 0.276267259546314 0.00370150091991952 4.87027104145692 -0.276052017355535 -0.959594258108773 -0.0545357086560131 0.733940488376838 -0.0115144917486738 -0.0534346433266231 0.998504960114033 0.0206669714503567
-0.98559885407327 0.169095064389351 -0.00132591425750563 4.87244948274939 -0.169000495634248 -0.985256386842777 -0.0266211318484862 0.734215416485545 -0.00580786749465049 -0.0260136768773145 0.999644715531717 0.0183314274025515
-0.999666963201855 -0.024510905644376 -0.0080733008908485 4.88278724581227 0.0246565772204973 -0.999525390972495 -0.0184674308188794 0.739558507070705 -0.00761681577506835 -0.018660340451689 0.999796867274386 0.0231615657070799
-0.99826786657083 -0.0584224608975969 -0.00693416431818168 4.87846109348429 0.0585306766915434 -0.998147728064378 -0.0165913485271935 0.739411022041935 -0.00595201294964975 -0.0169684714276081 0.999838309187669 0.0208569159915039
-0.99472928637014 -0.102110420969004 -0.00933320775968466 4.88165801677525 0.102271801917008 -0.994577725252769 -0.0188580742303061 0.739449493751677 -0.00735699464461738 -0.0197132026966763 0.999778607627328 0.0218618649535599
-0.987526109447511 -0.157077627763947 -0.010899633732965 4.88144098932276 0.157260427734489 -0.987380983540889 -0.0186534503669739 0.738000099467322 -0.00783205134223363 -0.0201348503316653 0.999766596148268 0.0222817020973565
-0.979234035630116 -0.202399021385601 -0.0116335551619998 4.8819495571618 0.202642805214244 -0.978897435907072 -0.0263761913372942 0.739900563962227 -0.00604954200401734 -0.028185920540413 0.999584392097451 0.0251656176103329
-0.965878132714916 -0.258820163328097 -0.0095684793966845 4.88320228644358 0.258972492014508 -0.965635474248863 -0.0219403566964809 0.734962007118333 -0.00356105643639802 -0.023669683711245 0.999713491431453 0.0202270992871275
-0.927439099237506 -0.373859806013054 -0.0092500082921341 4.88517056911034 0.373971881488181 -0.927237030687727 -0.0194041433100578 0.734613782927007 -0.00132252096888756 -0.0214554041977462 0.999768931588194 0.0225989605865142
-0.878597865679261 -0.477508229330348 -0.00718897389363118 4.88850522482777 0.477562143999537 -0.878511652887288 -0.0123156144714617 0.738582533091963 -0.000434790078474602 -0.0142536543749541 0.999898316977555 0.0225820849893003
-0.842605859417608 -0.538399700916135 -0.0118797192109183 4.89271790103982 0.538530416431898 -0.84242475116411 -0.0174793936901202 0.741663779177412 -0.000596869165201233 -0.0211258296761122 0.999776646590475 0.0243115448903964
-0.804590603435406 -0.59376082858121 -0.00905755518917833 4.89404698560736 0.593827730008353 -0.804535373375311 -0.0095634753607424 0.741945407557726 -0.00160870649168268 -0.0130733098488545 0.999913246553429 0.021618713920748
-0.752191656005243 -0.65891551371655 -0.00616915065018352 4.89769636831709 0.658921924277352 -0.75205573113657 -0.0152995088571776 0.745069753800728 0.0054415386355227 -0.0155731515209231 0.99986392404616 0.0222395578706759
-0.633231692357726 -0.77393241586849 -0.00679996042135201 4.9019318058874 0.773938281577412 -0.633118410928738 -0.0134392727508564 0.738515890145932 0.00609590869124117 -0.0137729231113775 0.999886566809554 0.0231529203763978
-0.541877850222723 -0.84039161892956 -0.0105034409101729 4.90787077613523 0.840430728120261 -0.541719142435784 -0.0147160439618163 0.738894955032781 0.00667732500682556 -0.0168017127577169 0.999836544530735 0.0250591131931879
-0.462573086888272 -0.886576017812748 -0.0030172712748107 4.91227990101717 0.886500225214321 -0.462482202728591 -0.0150851865838268 0.739902723282812 0.0119787303840473 -0.00965281298901867 0.999881659607669 0.0282404739119092
-0.392519630754213 -0.919660842815003 -0.0123399216113598 4.91411185269689 0.919692176805885 -0.392320434811171 -0.0158422331641132 0.736956910178999 0.00972827809167575 -0.0175673168802653 0.999798354661078 0.0248412136442221
-0.273121797193687 -0.96195443292349 -0.00693922737324142 4.91595531418384 0.961915546838404 -0.273013393932936 -0.0134969434981774 0.742013932293286 0.0110889426125486 -0.0103612601582114 0.999884833188137 0.025277515520925
-0.141212993082259 -0.989975635229669 -0.00267062471405943 4.9198576496232 0.989803486856639 -0.141136580124736 -0.0192229851254394 0.733691399359289 0.0186533640716284 -0.00535792891960058 0.999811654566251 0.0215120667652038
0.0283152627553872 -0.999599008973792 -0.000259140323337895 4.92674836404191 0.999443405126329 0.0283154277029831 -0.0176384949325616 0.727737700141459 0.0176387597234682 0.000240442531462684 0.999844396065111 0.0211755825193879
0.114189316723836 -0.993394139351594 -0.01135270223557 4.92763461027784 0.993359726383995 0.114332001867591 -0.0128314982470806 0.728491574776943 0.0140447123309496 -0.00981209716906756 0.999853223630692 0.0191159077387244
0.283779641072586 -0.958870119469759 -0.00609994268524212 4.93093701486945 0.958722004332369 0.283843228535801 -0.0168860896390618 0.724637238276469 0.0179229942152467 -0.00105622082061542 0.999838812347239 0.0215038045741067
0.486198199104091 -0.873843862797447 -0.00286611918391342 4.92661686079239 0.873666522576469 0.486161244188085 -0.0188162689881006 0.72060890791321 0.0178358772444403 0.0066444037151733 0.999818850283486 0.0199222902375401
0.590558838001301 -0.806992948633329 -0.00162471986461175 4.92636256702245 0.80687761700074 0.590506321781652 -0.0158365122142408 0.721109178394264 0.0137393610390154 0.00804144215858378 0.999873274553455 0.0208981602211388
0.751080246536852 -0.66020925899513 0.00148243018170108 4.92173692784188 0.660057569113689 0.750855498619325 -0.0232384519461397 0.715225121732593 0.0142291502863053 0.0184324314789557 0.999728851615229 0.0220852448154523
0.872999844682058 -0.487694057889782 -0.00507711375691926 4.92233045492925 0.487606055392295 0.872973214550769 -0.0125738387799363 0.713614800000908 0.0105643707748568 0.0085013278901523 0.999908056520316 0.0178294578112582
0.93221430783413 -0.36188733653491 -0.00374698879140937 4.91573585426201 0.36170484421073 0.931990113247221 -0.0237494101805372 0.714556148934617 0.0120867673025514 0.0207842359758622 0.999710921012206 0.0264206366588056
0.980174164804273 -0.19810191366701 -0.00377338729987397 4.91013642799224 0.197947610809189 0.979889815314094 -0.0251533937798393 0.714236821534267 0.0086804392273881 0.0239077737394792 0.999676481832818 0.0244563252203718
0.999963096367771 0.00692826731980955 -0.00507986363245472 4.9114984587891 -0.00698534037478326 0.999911698910999 -0.0113048397055121 0.713171460908151 0.00500109212347661 0.0113399070923954 0.999923194842838 0.0237704489860408
0.989164501314975 0.146641494257939 -0.00706126759837851 4.90357667670637 -0.146753222041252 0.988982115972988 -0.0194387784107401 0.718084973890111 0.00413293585819598 0.0202644133245896 0.999786113323146 0.0229560811862868
0.974393649644803 0.224770096063127 -0.00595142400209906 4.9011163231608 -0.224839011441815 0.974257439006327 -0.0164274609936937 0.718195516900565 0.00210581712110002 0.0173449259613459 0.99984734788749 0.0209200872373155
0.950135251996908 0.311782259033047 -0.00590134434025635 4.90002044859853 -0.311838035639367 0.949977394594241 -0.017320198859072 0.722646969752164 0.000206012993777122 0.0182967951342979 0.999832578408235 0.0225813935449229
0.921243277073009 0.388915993777708 -0.0074279358964164 4.89704115629468 -0.388986794001231 0.921090410089366 -0.0167848304741793 0.7233366639719 0.000313911496691878 0.0183522812015416 0.999831533426643 0.0237892390613112
0.869392600711902 0.494039342881227 -0.00903512661121713 4.9010746683262 -0.494120571273977 0.869288079368113 -0.0135313012078025 0.729984768710075 0.00116913270168197 0.0162284550707348 0.99986762642599 0.0233980387392227
0.81319948152698 0.58184930806378 -0.0125692461966122 4.8923565525638 -0.581981514757772 0.812929539454848 -0.0210494741496811 0.729536031649781 -0.00202971044719182 0.024432490405804 0.999699421670369 0.023113632245329
0.771258443560531 0.636491850675856 -0.00620783857807246 4.89543104133122 -0.636508780548517 0.771142450023402 -0.0139962157937106 0.734303290224642 -0.0041213494425529 0.0147460433719655 0.999882777471262 0.0196673805743025
0.672805276010595 0.739813922939752 -0.00290172307463445 4.89531706753749 -0.739744457956196 0.672675848422811 -0.0168920061492322 0.734949534507951 -0.0105450223044681 0.0135115644225913 0.999853109277284 0.0208431097494366
0.606573387035934 0.794982577976171 -0.00845144094907396 4.89222708053955 -0.794948683122439 0.606329299506511 -0.020527341811462 0.737949167962607 -0.0111945228418014 0.0191698011023762 0.999753570328228 0.0256219888132588
0.513605567546448 0.857954514605277 -0.0111072883150803 4.89537270056059 -0.857982070769516 0.513404390406974 -0.0168136298548502 0.743470104921928 -0.00872279905439249 0.0181654281333228 0.999796944382903 0.0217314448131985
0.423311809115243 0.905912273447002 -0.0114046079136565 4.89009774704291 -0.905929283009273 0.423114258718998 -0.0163235490925497 0.743104508251544 -0.00996225124578789 0.0172417193677694 0.999801718673938 0.02310293996091
0.307452763885849 0.951534386140452 -0.00742360904588476 4.88988173990244 -0.951458251428768 0.30729350883576 -0.0172596412337603 0.744160150790088 -0.0141419152544357 0.0123697784830861 0.999823481827275 0.0218298234849925
0.230679453653625 0.973004108107129 -0.00707073325158356 4.88806403454942 -0.972915541827495 0.230534919011719 -0.0169999878462041 0.747283470537309 -0.0149110070946206 0.0108007741810627 0.999830488205133 0.0185262727062239
0.142398770086834 0.989809315928999 -0.00032920802395692 4.88994412663138 -0.989687118117842 0.142375947112163 -0.0157638166544644 0.750725633667353 -0.0155563012749778 0.00257056104396128 0.999875689126684 0.0185263201860097
0.0637610054577805 0.997934068854746 -0.00788215719355427 4.88890473786344 -0.997843744249338 0.0636280382911005 -0.0161038754865823 0.751039543501562 -0.0155690797889273 0.00889196053956944 0.999839255476744 0.0184571175061465
-0.102312989488889 0.99473972024965 -0.00499411048070183 4.8860401163221 -0.994528032692418 -0.102395228530271 -0.020717368635573 0.755564486938097 -0.0211197625648356 0.00284712695197216 0.999772898961221 0.0223373287237963
-0.194926162303427 0.980792910824005 -0.00700409359106263 4.88810806577319 -0.980568774830849 -0.195032625655964 -0.0211459867697929 0.76057686121802 -0.0221058606795961 0.00274608942223412 0.999751864172555 0.0206042607408367
-0.39599324002145 0.918143606699039 -0.0142011033020494 4.89206709474961 -0.918003160287116 -0.396199015189308 -0.017220280656525 0.754099928782738 -0.0214371537332251 0.0062175429795891 0.99975086426525 0.022404720042543
-0.544281320990899 0.838841283921464 -0.0101559839204507 4.89921774714519 -0.838717487246464 -0.544375657819467 -0.0144263564561783 0.753696544448766 -0.0176300937995085 0.000666004965221599 0.999844356002476 0.022585011910203
-0.610057229117891 0.792309007272444 -0.00875295355612863 4.89899379433183 -0.792081126737968 -0.610099007749697 -0.0196644198578458 0.755655639101187 -0.0209204652556316 -0.00506337217566476 0.999768321360353 0.0247348894793299
-0.699303418011854 0.714824334130673 -0.00094915308402331 4.89679993668049 -0.714717511664025 -0.69922070426844 -0.0164099129531837 0.749981636871348 -0.0123938725877712 -0.010797131887037 0.999864897806345 0.0194460042392959
-0.809259080246675 0.587442002866379 -0.00341090994336553 4.89714473195404 -0.587318530899697 -0.809185428317629 -0.0166098121674252 0.751300299328805 -0.0125173599503417 -0.0114383507007119 0.999856229581594 0.0198865480454884
-0.920282459212758 0.391190298037068 -0.00709549060944311 4.90423434162216 -0.391032300230817 -0.920219524654644 -0.0170225327309991 0.763054285425582 -0.0131884586481985 -0.0128909722694368 0.999829929234184 0.022296610559979
-0.980283663240712 0.197374251096536 -0.00934583262480716 4.91053761001854 -0.197229449311892 -0.980250345688653 -0.0144846160254416 0.765909024888736 -0.0120201459016579 -0.0123557590361032 0.999851414616764 0.0226306291564815
-0.980419287985189 0.196862333861083 -0.00482091831319344 4.91477042748314 -0.196686296039627 -0.980151313468163 -0.0248576679688132 0.76604091755427 -0.00961876794748373 -0.0234227285644244 0.999679376145057 0.0237983393203975
