0.999987692680807 -3.12232209717112e-05 -0.00496120066382229 -1.43223820326562e-26 -1.16413014776539e-10 0.99998019649051 -0.00629337960095435 2.93362815167487e-25 0.0049612989142198 0.00629330214690034 0.999967889415041 -1.24700928087469e-24
0.999989789995249 -0.000132089728209307 0.00451690796461004 -0.138092383742332 0.000156180023712714 0.999985765001692 -0.00533342308287672 -0.00233850465156138 -0.00451613917602737 0.00533407407939472 0.999975575772058 -0.00460055004805326
0.999944372987538 -0.00182803999074638 0.0103879353267156 -0.265197306871414 0.00188088746006805 0.999985328336979 -0.00507989893068695 0.00775610702112317 -0.0103784966600348 0.00509915488837784 0.999933140478153 -0.000412990775657818
0.999942798662175 -0.00197115655397239 0.0105125613195092 -0.390865534543991 0.00205550981069505 0.999965732386358 -0.00801928503250124 0.00317406328395009 -0.0104963938128695 0.00804043499159677 0.999912584740322 -0.00510520534589887
0.999940036398289 -0.00247573960607255 0.0106674421109907 -0.535410642623901 0.00256682678859912 0.999960293839775 -0.00853358916914489 0.0127095337957144 -0.010645891603137 0.00856045894057911 0.999906687413731 -0.0226534977555275
0.999965751576091 -0.00499375928281304 0.00659985174750044 -0.680160939693451 0.00500700278000342 0.999985481544812 -0.00199163820793507 0.0260777063667774 -0.00658981016605972 0.0020246154735128 0.999976237384749 0.000674096576403826
0.999945767317878 -0.00852562555444801 0.00598131523707318 -0.850237011909485 0.00850140849074307 0.999955609701535 0.00406259524253731 0.0463529415428638 -0.00601568589052175 -0.00401152531295867 0.999973859252296 -0.0103815253823996
0.99990868441852 -0.0127721706011037 0.00441525566201709 -1.00821995735168 0.0127501494595603 0.999906311299568 0.00498019196919428 0.0497628301382065 -0.00447844986390883 -0.00492344203047584 0.999977851357413 -0.0304430648684502
0.999816830669533 -0.0188513008426041 0.00330659439176059 -1.13302314281464 0.0188268010895352 0.999796180935327 0.00729027762636327 0.0362151823937893 -0.00344335166154509 -0.00722668967619408 0.999967958629505 -0.00141017511487007
0.999697337743953 -0.0236384739712357 0.00681582393880104 -1.27944231033325 0.0236037190561835 0.999708204029671 0.00513529380712538 0.0376559272408485 -0.00693522561783561 -0.00497286075412838 0.999963585987785 0.00102844054345042
0.999644578788408 -0.0243341836057026 0.0108886917115904 -1.4338299036026 0.0243220161494783 0.999703396416118 0.00124848888775738 0.0114404819905758 -0.0109158430444293 -0.000983210212668239 0.999939937030373 -0.0624392628669739
0.999610262573982 -0.0255157692410134 0.0113255673947721 -1.58162295818329 0.0255162124918431 0.999674402890609 0.000105382043849091 0.0239336248487234 -0.0113245687266791 0.000183644611713122 0.999935858151817 -0.0605898387730122
0.999606515968824 -0.026626631429072 0.00882245608717949 -1.75415635108948 0.0266350287485392 0.999644875395607 -0.000835666719617225 0.0330777205526829 -0.00879707202621097 0.00107032426962242 0.999960732193881 -0.0763154178857803
0.999612855705993 -0.0271273286797931 0.00618439536310237 -1.91920006275177 0.0271513668055697 0.999623971043425 -0.00383663862808891 0.0256309490650892 -0.00607799209427718 0.00400306808231013 0.999973516378324 -0.0831869766116142
0.999641333799323 -0.0261699441217711 0.00568663209411416 -2.07691144943237 0.0261971509343704 0.99964544532905 -0.00476370819911046 0.0179479792714119 -0.00555994989476007 0.0049109731772673 0.999972484271252 -0.0873011723160744
0.999658580748636 -0.0258672654503283 0.00368870082072353 -2.2224063873291 0.0258984189621083 0.999627033945462 -0.00866400026901984 0.0151811931282282 -0.0034632110657116 0.00875657373181515 0.999955663309926 -0.0838865712285042
0.99971563017192 -0.0238186713049853 0.00115312064632395 -2.38278365135193 0.0238281628218762 0.99967492811279 -0.00906955121395371 0.0224994756281376 -0.000936721139970374 0.00909444885374812 0.999958205903403 -0.0820377022027969
0.999725504615196 -0.0232539404912236 0.00285826407514131 -2.54164361953735 0.0232575537408628 0.999728740643919 -0.00123746697526324 0.0328908376395702 -0.00282871276086615 0.00130360352662285 0.999995149489217 -0.0896612703800201
0.999612480775562 -0.0274035283402861 0.00489233198288732 -2.69376182556152 0.0274259043092759 0.999613407706543 -0.00456671721593036 0.036586157977581 -0.00476529648039689 0.0046991241540285 0.999977604840048 -0.0814471840858459
0.999478963606217 -0.0310471620919404 0.00882468326222896 -2.85494899749756 0.0311140783544828 0.999487328388712 -0.00754947140839315 0.0353339798748493 -0.00858576943511695 0.00782010974551004 0.99993256294951 -0.110127575695515
0.99926586396515 -0.0366386504444489 0.0111956423483244 -3.00381994247437 0.0367139196014314 0.999304067296229 -0.00659311707111238 0.0364196375012398 -0.0109462880229667 0.00699931273935125 0.999915590637377 -0.10879710316658
0.999186236933213 -0.0386817164071135 0.0114275430012259 -3.16292810440063 0.038733090101557 0.999240301824856 -0.00430893724196619 0.0378770008683205 -0.0112521844292517 0.00474805484068747 0.999925419379265 -0.0990522056818008
0.999183610939336 -0.038443818789436 0.012417102202758 -3.31773781776428 0.0385074408946804 0.99924617225717 -0.0049258730329199 0.0371450148522854 -0.0122183724763747 0.00540000243321751 0.99991077169303 -0.110362842679024
0.999146385683528 -0.0386133227061871 0.0146803026239806 -3.47003436088562 0.0386622921916916 0.999247628585655 -0.00306658253253496 0.0439747534692287 -0.0145508466429985 0.00363153900329333 0.999887536069152 -0.0982313826680183
0.999027247173924 -0.0424932089323586 0.0117850158558627 -3.6216082572937 0.0425505503112387 0.999083455833517 -0.00465821295849751 0.0407794006168842 -0.0115762719518313 0.00515514057877131 0.999919704002932 -0.116655252873898
0.998843275569909 -0.0463040751389139 0.0129631583460235 -3.78153824806213 0.0463625191921486 0.998915661788272 -0.0042446964858187 0.0363857932388783 -0.012752555153063 0.00484079121930361 0.999906965210984 -0.152821853756905
0.998657384586891 -0.0504671323296054 0.0116831829779544 -3.92996406555176 0.0504677151259661 0.998725662855229 0.000245121087259201 0.0351123549044132 -0.0116806652222639 0.000344831566386568 0.999931719244447 -0.145450592041016
0.998591330568739 -0.0527689454927888 0.0055491354762686 -4.09349679946899 0.0527585618081753 0.998605291766892 0.00200135231625889 0.0352471023797989 -0.00564700530262175 -0.00170576866542314 0.999982600690818 -0.133273959159851
0.998463634451444 -0.0548639017493905 0.00776678587614854 -4.24587678909302 0.0549095676764749 0.99847452269167 -0.00579369598993162 0.0253954231739044 -0.00743707305297837 0.00621126560970895 0.99995305396 -0.133578047156334
0.99848770838711 -0.0546714472064494 0.00577313261661687 -4.41393852233887 0.0547001276884614 0.998490643594969 -0.00493261433422703 0.0356683321297169 -0.00549474573776142 0.00524094587423112 0.999971169712218 -0.106852002441883
0.998427437469419 -0.0554017688239921 0.00856131528573308 -4.58180046081543 0.0554207206046505 0.998461103101215 -0.00199231562895075 0.0325918048620224 -0.00843776249429079 0.0024636568505025 0.999961366533234 -0.157125651836395
0.99825114327476 -0.0588254964796792 0.0058494371143266 -4.7227258682251 0.0588259889902018 0.998268248158396 8.79664264750828e-05 0.022276783362031 -0.00584448200954246 0.000256286337487708 0.999982888027267 -0.133238270878792
0.998212934195885 -0.0593782086403032 0.00672059094956936 -4.87949085235596 0.0593812748636602 0.998235341948687 -0.000257449323430425 0.0213105455040932 -0.00669344452499966 0.000656066502970835 0.999977383432813 -0.142074272036552
0.998065096845564 -0.0620259373416901 0.00434114680003447 -5.03364610671997 0.0620308548545358 0.998073723912932 -0.00100731355009385 0.0164594128727913 -0.00427030498562156 0.00127464954298344 0.999990069832632 -0.139062955975533
0.997815695018818 -0.0658921552831126 0.00469708912623923 -5.179443359375 0.0658982377734355 0.997825683756975 -0.00115199534814618 0.00101906247437 -0.00461096871269163 0.00145900893505285 0.999988305061843 -0.170482814311981
0.997592959945124 -0.0686585920435791 0.00970999518637911 -5.3384895324707 0.0687051602790601 0.997626650382963 -0.00454614085777446 0.00689387787133455 -0.0093748183424955 0.00520232489022376 0.999942522646568 -0.161079496145248
0.997456183202419 -0.070668915988016 0.00933096481293663 -5.49547290802002 0.0707198694616232 0.997482409255366 -0.00524817010400077 -0.00266823428682983 -0.00893659077011463 0.00589470433425553 0.999942693261078 -0.170279622077942
0.99683504447778 -0.0779379785859526 0.0156705326941353 -5.64532375335693 0.0779383801893685 0.996958005880928 0.000586006297664877 -0.00451498012989759 -0.0156685351721157 0.000637184321088423 0.999877037941017 -0.173325225710869
0.996019803457768 -0.0878627422187856 0.0149896514216806 -5.80079221725464 0.0878504483272771 0.996132578747296 0.00147793334035882 -0.00908984709531069 -0.0150615354013023 -0.000155203277523628 0.999886556596946 -0.174059212207794
0.995597602819113 -0.0924218754533467 0.0156080171232887 -5.96872711181641 0.0923926910775911 0.995719299193301 0.00258221793081969 -0.0141620263457298 -0.0157798572957937 -0.00112878327747484 0.999874853145151 -0.188998714089394
0.993604133818333 -0.111552449168212 0.0175178863934208 -6.10672235488892 0.111604359346985 0.993750684265327 -0.00201109346964882 -0.0280090309679508 -0.0171840691882986 0.00395330327298911 0.999844527493832 -0.187652096152306
0.990440626760726 -0.137446498416265 0.0116543955196638 -6.24424409866333 0.137525929459822 0.990478075771664 -0.00630873536242063 -0.0423399470746517 -0.010676309663599 0.00785120938255759 0.99991218360574 -0.173507139086723
0.986586549457898 -0.163020450648953 0.00844470834142761 -6.40961933135986 0.162970456630674 0.98661078080996 0.00630852242214251 -0.0344033911824226 -0.00936005845863497 -0.00484766539412404 0.999944443179659 -0.174696132540703
0.981579190610446 -0.190769905816234 0.0104467983328743 -6.56412220001221 0.190705996989759 0.981623543568554 0.00681479449849496 -0.0615000911056995 -0.011554880903097 -0.00469699337658746 0.999922208464506 -0.187256962060928
0.977886547787639 -0.208582080044132 0.0152123482880672 -6.70491933822632 0.20851456937757 0.978001378421946 0.00591423385238249 -0.0833319798111916 -0.0161113007935618 -0.00261145347220716 0.999866794276869 -0.190193757414818
0.971975877148094 -0.234360155596348 0.0183905331909954 -6.86656713485718 0.234295171414901 0.972149132437252 0.00564242440442227 -0.10200596600771 -0.0192007003480457 -0.00117548728333446 0.999814958547726 -0.228404596447945
0.964489569502127 -0.263625171762231 0.0161752630561588 -7.01716947555542 0.263508606291523 0.964615094601208 0.00899631467892311 -0.123589023947716 -0.0179745579055743 -0.00441453064745303 0.999828698921601 -0.204292371869087
0.955271219874793 -0.295089584062043 0.0194687918735365 -7.16912412643433 0.294977462614896 0.955466716899828 0.00846459957366346 -0.147969350218773 -0.021099597820858 -0.00234313353345184 0.999774632953368 -0.226675733923912
0.941635938104264 -0.336360835995342 0.0135332213096905 -7.32277917861938 0.336357706487026 0.941730780345958 0.00257500209340051 -0.187567040324211 -0.0136107809213953 0.0021272887692692 0.999905106140179 -0.199718818068504
0.915565086576181 -0.402125583096386 -0.00596553955167027 -7.45967245101929 0.40216453769585 0.915528406710436 0.00845110206622388 -0.221278756856918 0.00206321657472143 -0.0101366624508302 0.999946494174425 -0.202528640627861
0.870126782716469 -0.492815717605633 -0.00347138017683207 -7.58423233032227 0.492826165381047 0.87008313521504 0.00881524419291285 -0.257244676351547 -0.00132390154501786 -0.00938116704956722 0.999955119487613 -0.230982899665833
0.818276406194363 -0.574820539942808 0.00225164950580795 -7.73463869094849 0.574806464891041 0.818275228496917 0.00481438965851072 -0.309002429246902 -0.00460987907686017 -0.00264523877517833 0.999985875763612 -0.234312787652016
0.757843263282912 -0.652429045291926 0.00315105635833693 -7.84292602539062 0.652366305390196 0.757823632916129 0.0110247442304451 -0.365010291337967 -0.0095808083298553 -0.0062993851498954 0.999934260768417 -0.230494752526283
0.692943157027223 -0.720992097657301 0.0004198152817005 -7.95662260055542 0.720898947160803 0.692862761189696 0.0156812671374073 -0.432267934083939 -0.0115969440625924 -0.0105635823618023 0.999876953237794 -0.219343528151512
0.623784625709504 -0.781593874259038 0.00193815613443052 -8.07138729095459 0.781427807625374 0.623699737615182 0.0192150661865672 -0.520114541053772 -0.0162272054974045 -0.0104715337702075 0.999813494999065 -0.230993822216988
0.549008227485704 -0.835816227158367 -0.00109570605498676 -8.17341804504395 0.835663654967409 0.548881960546556 0.0198708115858447 -0.608891606330872 -0.0160069334826116 -0.0118248807741271 0.999801955526774 -0.231733053922653
0.466672364095808 -0.884375717467084 -0.00982318399556263 -8.26422882080078 0.88435124451111 0.466453409032448 0.018549758318066 -0.713520050048828 -0.0118228981590974 -0.0173438045592352 0.999779681491143 -0.215880513191223
0.37948391231747 -0.925195503596818 -0.00228919559156014 -8.34370040893555 0.924857570886533 0.379275833394545 0.0280769616720858 -0.80959951877594 -0.0251084421278819 -0.0127719351354052 0.999603143155726 -0.221287578344345
0.242016589511459 -0.970205578847882 -0.0113624457617361 -8.4453125 0.970002577824688 0.241656759762313 0.0264009370030771 -0.983257353305817 -0.0228685245414407 -0.0174110664126689 0.999586857332404 -0.205655917525291
0.143651725276566 -0.989554645428755 -0.0120741681054001 -8.50859832763672 0.989336145601514 0.143302183752603 0.0260475553185942 -1.09840261936188 -0.0240452247110775 -0.0156871871954941 0.999587784702518 -0.213503330945969
0.0537311505150806 -0.998474717037446 -0.0126965704549938 -8.53334712982178 0.998167521753897 0.0533515545469277 0.0285518851060695 -1.23671972751617 -0.0278309536309799 -0.0142074299019584 0.999511674246765 -0.21770167350769
-0.0403830469670523 -0.999049633520099 -0.0164024169259745 -8.56903743743896 0.998692496958244 -0.0408727052918956 0.0307037209704272 -1.34329497814178 -0.0313449523362988 -0.0151410609099396 0.999393937462879 -0.20646533370018
-0.130872602286681 -0.991245622939575 -0.0174492685762602 -8.58916091918945 0.990499949486155 -0.13148312016205 0.04027454755023 -1.47314286231995 -0.0422162532519896 -0.0120126647995388 0.999036277542401 -0.228075668215752
-0.262533740723779 -0.964820482387585 -0.014052464088802 -8.59750843048096 0.964181916333429 -0.262874928849557 0.0353553955986532 -1.65447390079498 -0.0378056503340013 -0.00426714749306436 0.999276000039576 -0.221268147230148
-0.342419828446612 -0.939314055007841 -0.0209228858267653 -8.60041904449463 0.938331167932742 -0.343024459024296 0.0432300797716659 -1.76947605609894 -0.0477836831205892 -0.00482975939520492 0.998846030703239 -0.221127331256866
-0.381437585054394 -0.924031763309734 -0.0258972798296774 -8.56818008422852 0.922950605814431 -0.382257553085773 0.0451812166242936 -1.89154767990112 -0.051648310085095 -0.00666809594875661 0.998643073656335 -0.227486491203308
-0.395877315405222 -0.917738242101796 -0.0322128876610081 -8.52884387969971 0.917113211206847 -0.39690629412185 0.0369966419601206 -2.01128172874451 -0.0467387310206448 -0.0148967335468518 0.998796064445697 -0.220202445983887
-0.404529312813585 -0.913885521798822 -0.0341948551841419 -8.49199962615967 0.913100211992025 -0.405703000199456 0.0406580679481775 -2.12106037139893 -0.0510297749817444 -0.0147759492302723 0.998587819568042 -0.223808035254478
-0.406535380365783 -0.913242555125109 -0.0267772294946768 -8.44218063354492 0.912414659588165 -0.40733228803376 0.0397479067850834 -2.21726059913635 -0.0472067101105561 -0.00827300633048216 0.998850881706971 -0.222400724887848
-0.409399301446125 -0.9120175883505 -0.0248219764475493 -8.38546562194824 0.911096888617349 -0.410111738132652 0.0413620816400961 -2.35326743125916 -0.0479027298513491 -0.00568161818088229 0.998835846216802 -0.221545040607452
-0.408488990900928 -0.912569871264474 -0.0187876122241246 -8.44645118713379 0.912363676437816 -0.408832641304355 0.0211752997847918 -2.22229909896851 -0.0270049297279849 -0.0084912581191761 0.999599235847017 -0.223637744784355
-0.405984273219961 -0.913533097638392 -0.0251803379100553 -8.49649620056152 0.913467722004183 -0.406474629622977 0.0188439998236033 -2.11246943473816 -0.0274497860565248 -0.0153510583370512 0.999505304765004 -0.221630483865738
-0.401370498622423 -0.91569227296184 -0.0202332417957969 -8.55478954315186 0.915587107376141 -0.401720311263951 0.017917598181262 -1.96265590190887 -0.0245351103967031 -0.0113337000125263 0.999634721086581 -0.235841780900955
-0.404250959972956 -0.9145369855555 -0.0142570478010617 -8.61929607391357 0.914134826979666 -0.404497149146713 0.0271951178530053 -1.80761969089508 -0.0306378762938919 -0.00203921142620929 0.999528469906165 -0.24450309574604
-0.398218998806383 -0.917192120211152 -0.0134254836863776 -8.66904926300049 0.916735059896697 -0.398444494407025 0.0289623002009424 -1.64831125736237 -0.0319133035870827 -0.000774273402224326 0.99949034090123 -0.23116560280323
-0.398604929550646 -0.916953319796014 -0.0176272361132828 -8.73585605621338 0.91648898754726 -0.398970305049964 0.0295064635789574 -1.51712083816528 -0.0340887935034693 -0.00439374594254005 0.999409150025189 -0.271622449159622
-0.413777498936551 -0.910207414014041 -0.017625119792055 -8.80140686035156 0.909705157056208 -0.414138394855705 0.0304288864679517 -1.36720740795135 -0.0349958368831424 -0.00344287383043258 0.99938152775636 -0.265006601810455
-0.437443051941997 -0.899064832278845 -0.0180555716354731 -8.85911273956299 0.898760243590236 -0.437778507775705 0.0240832446172755 -1.22962689399719 -0.029556739490176 -0.00569258193521207 0.999546894178368 -0.235120192170143
-0.471531933995755 -0.881773364564567 -0.011548539591934 -8.93492126464844 0.881402434710071 -0.471669451625053 0.0256452040522358 -1.09782385826111 -0.0280603511984825 0.00191362175079024 0.999604399121179 -0.249328449368477
-0.510905488701738 -0.859550614110408 -0.0121788093366498 -8.99851036071777 0.85911710708072 -0.511037920925803 0.0275325207179856 -0.973690867424011 -0.0298894284939054 0.00360349250762287 0.999546715719708 -0.225478276610374
-0.55346406535015 -0.832686323998146 -0.017635594476525 -9.10297203063965 0.832188439164224 -0.553743498626554 0.0288190813565829 -0.862321674823761 -0.0337628507016066 0.00127418808611855 0.999429060192479 -0.267612159252167
-0.602593856566657 -0.79758907216782 -0.0270613374872522 -9.2096118927002 0.797255027265452 -0.60316016772092 0.0241295166722239 -0.741015374660492 -0.0355677596720205 -0.00703448884763402 0.999342509072123 -0.223215162754059
-0.62882115591503 -0.776929230087751 -0.0310632469155939 -9.31689834594727 0.776859065113387 -0.629444614612329 0.0170138204613631 -0.611506819725037 -0.0327711279152917 -0.0134331147091894 0.999372605490249 -0.230985790491104
-0.642197390844706 -0.766201131443464 -0.0227670236747793 -9.4425048828125 0.765822934070112 -0.642597938009527 0.0241479547404767 -0.44286584854126 -0.0331322327122261 -0.00192775534209298 0.99944911772178 -0.223368316888809
-0.646655407556691 -0.762575242244411 -0.0177703065130645 -9.5342378616333 0.762252406987255 -0.646899019395755 0.0222019536740929 -0.31315216422081 -0.028426254058984 0.000811554489190645 0.999595562945077 -0.243436634540558
-0.647403700250748 -0.761752292555611 -0.0245335217184705 -9.63655948638916 0.761169370113082 -0.647868089268036 0.0298014917384723 -0.183909341692924 -0.0385958404921197 0.000619430751375252 0.999254710973259 -0.249583765864372
-0.647266336904164 -0.761968933246864 -0.0212045720848266 -9.74621868133545 0.761537119062436 -0.647613415982204 0.0256530647281239 -0.0622389502823353 -0.0332792037276968 0.000456296500507599 0.999445989732689 -0.286695271730423
-0.648040907777275 -0.761242730374734 -0.02350504836892 -9.85111618041992 0.760829931542033 -0.648465053553423 0.0251175155957188 0.0738415867090225 -0.0343627286016425 -0.00160616673365803 0.999408136404479 -0.274796396493912
-0.649959659480475 -0.759429097771121 -0.0286336603766802 -9.98009204864502 0.7587102178616 -0.650590025968112 0.033036698128218 0.222986981272697 -0.0437178037008759 -0.000252129636790291 0.999043887959992 -0.29441049695015
-0.650432806997052 -0.758903165321378 -0.0316725314291357 -10.1366586685181 0.758384890022161 -0.651180765549483 0.0285651739792463 0.396659106016159 -0.0423027442137205 -0.00544024297092822 0.999090026768562 -0.303529649972916
-0.652125367471783 -0.757365707102669 -0.0336108733100806 -10.2931070327759 0.756948882457356 -0.652939389418457 0.0264299658042467 0.596264123916626 -0.0419630128369378 -0.00820606182812029 0.999085464864203 -0.289994060993195
-0.650982152737334 -0.758584211749535 -0.0277890356400351 -10.4714202880859 0.758232683746584 -0.651550923474918 0.0237611324947759 0.789988160133362 -0.0361307917975682 -0.00560248188914701 0.999331365504337 -0.342850178480148
-0.642989517397796 -0.764907509737643 -0.038483529769344 -10.6531019210815 0.764938098533363 -0.643876350252329 0.0171158113422539 1.02857863903046 -0.0378706473236548 -0.0184322308117865 0.999112639765201 -0.339162141084671
-0.643992026445893 -0.763970117544389 -0.0402980070639362 -10.844295501709 0.763416257136812 -0.645161456677312 0.0310211727249322 1.27340865135193 -0.0496979699115929 -0.0107867658369658 0.998706041570514 -0.332720339298248
-0.647341055652177 -0.760555370070964 -0.0500508413849677 -11.0368537902832 0.759585538288386 -0.649162534702885 0.0402220531707364 1.5156182050705 -0.0630822295917611 -0.0119805089351448 0.997936420677884 -0.323913544416428
-0.642944248134353 -0.763904699009826 -0.0554283737959042 -11.1994724273682 0.763459269068288 -0.644992211778084 0.0333914842337148 1.72333133220673 -0.0612587811229299 -0.020848443019129 0.997904155798046 -0.325640141963959
-0.642615188393726 -0.764319168423399 -0.0534969945535275 -11.3656549453735 0.764465761697725 -0.644285368618912 0.0221011985084453 1.9392409324646 -0.0513597005210587 -0.0266940548466697 0.998323398803329 -0.28841832280159
-0.638479869388795 -0.768133066272199 -0.0481149548948896 -11.4956092834473 0.76779947919572 -0.640027489395978 0.0291337015201096 2.10921692848206 -0.0531734532642777 -0.0183413553684501 0.998416836071588 -0.331953972578049
-0.639109229412385 -0.767525066514686 -0.0494435552072686 -11.6216220855713 0.76721252929632 -0.640728807311148 0.0291809933411574 2.24531984329224 -0.0540770540123126 -0.0192838728802158 0.998350541882003 -0.377406030893326
-0.635117240234959 -0.771181306842365 -0.0436518399753256 -11.7198352813721 0.771227518435084 -0.636260223605947 0.0195203141719757 2.38149833679199 -0.0428276308566295 -0.0212678121538712 0.998856082827449 -0.363156646490097
-0.6367110189265 -0.76966903167135 -0.0469963835168753 -11.8277273178101 0.769450485558942 -0.638153181227439 0.0265794575265876 2.51729464530945 -0.0504482769843171 -0.0192379566323068 0.998541372389711 -0.384855091571808
-0.633573568068059 -0.772150326610905 -0.0486662815528526 -11.9285974502563 0.771522802423784 -0.635250494293368 0.034776067060305 2.65128231048584 -0.057767630950727 -0.0155139490364302 0.998209506165732 -0.37146207690239
-0.613665843497094 -0.788291183165985 -0.0448468847053169 -12.0150852203369 0.787753886249265 -0.615114958680815 0.032823807004647 2.77281618118286 -0.0534607072921794 -0.0151854585004937 0.998454483001579 -0.408578604459763
-0.587297220751751 -0.808130235382679 -0.0448051019148944 -12.0915479660034 0.807653535818123 -0.588756847635651 0.0325751506921293 2.90948271751404 -0.052704274757864 -0.0170557035171988 0.998464502323333 -0.398804843425751
-0.560937709831172 -0.82685699497521 -0.0406988396631269 -12.1990003585815 0.826768818234177 -0.562043323757679 0.0236774875162641 3.0727014541626 -0.0424524072936059 -0.0203669359498563 0.99889087543885 -0.429636418819427
-0.541459007933512 -0.839612080354445 -0.0432862247203227 -12.2996397018433 0.839586810719585 -0.542688138387394 0.0241572291320913 3.24798178672791 -0.0437736221184845 -0.0232623940407423 0.998770609814947 -0.425146162509918
-0.528030685636665 -0.848273714478699 -0.0401907993275007 -12.419958114624 0.848018013671892 -0.529211842566853 0.0282891176068562 3.4784688949585 -0.045266361838034 -0.0191449996475883 0.998791482479923 -0.407089173793793
-0.509043560277833 -0.859319613884414 -0.049441429320047 -12.5186147689819 0.85812514773634 -0.511133366225608 0.0486200859045242 3.67730903625488 -0.0670513576458639 -0.017677192209708 0.997592919137575 -0.474383234977722
-0.499734390552446 -0.86577801047449 -0.0263434143194865 -12.6270513534546 0.865196956536334 -0.500384680532337 0.0323944113824654 3.91512370109558 -0.0412282099955903 -0.00660364046447385 0.999127933066219 -0.442251950502396
-0.495449276030204 -0.868621211013994 0.00521600016579923 -12.7410717010498 0.868443011860746 -0.495202915490864 0.0240999510286907 4.1548318862915 -0.0183507501586147 0.016470102183381 0.999695946627116 -0.446169227361679
-0.495137035202339 -0.868811229091132 0.00252281116901572 -12.8598203659058 0.868526796125538 -0.494895990485732 0.0271875525388735 4.40433979034424 -0.0223723218049799 0.0156526932603606 0.999627166703042 -0.443421989679337
-0.495102269949024 -0.868833865351123 -0.00120694256326879 -13.0228757858276 0.868231976079556 -0.494810065062897 0.0365545513642341 4.66127872467041 -0.0323570394862219 0.0170503352306791 0.999330930204909 -0.509468019008636
-0.487325642134509 -0.873218444964756 0.00180717777818484 -13.1674509048462 0.873121381581739 -0.48723823375802 0.0160610270269496 4.97883987426758 -0.0131442589362804 0.00940483586770051 0.999869380228896 -0.419051349163055
-0.480247215921492 -0.877129818233172 -0.00242766676020502 -13.3135118484497 0.876396145522018 -0.479955276541106 0.0396576428258195 5.27043676376343 -0.035950072514611 0.0169178747658531 0.999210377147676 -0.505890250205994
-0.479185968291509 -0.877705644400497 0.00368911643038433 -13.4701519012451 0.877481289895222 -0.478958363197677 0.0250094423532292 5.59385108947754 -0.0201839955495956 0.0152213044943701 0.99968040803706 -0.423088043928146
-0.45280274000613 -0.891171599232388 0.0279796240955445 -13.682315826416 0.891584486833604 -0.452807144932947 0.00654158507791211 6.05310392379761 0.00683969886760296 0.027908246438285 0.999587088902283 -0.463327586650848
-0.421025325441492 -0.906989377534959 0.0103896282721282 -13.8328437805176 0.90656591132441 -0.420399796794027 0.0374467525972911 6.40992879867554 -0.0295960092145545 0.0251849140218452 0.999244612867282 -0.491775214672089
-0.387227237210744 -0.921793072216209 0.0187776137018883 -13.9459199905396 0.921846483376447 -0.386736901548852 0.0251720095914385 6.76581859588623 -0.0159413879135984 0.0270573648864222 0.999506763937489 -0.414805293083191
-0.327307341013688 -0.944783154570163 0.0159591778924118 -14.0960969924927 0.944745432620393 -0.326878200444619 0.0246314761432181 7.23874425888062 -0.0180546963822622 0.0231394233839112 0.999569204719715 -0.440012753009796
-0.270776665607491 -0.962554751099364 0.0129749180548698 -14.1490516662598 0.962464725298407 -0.270443352713366 0.0228483156800522 7.51813697814941 -0.0184837744725121 0.0186746916760415 0.999654743384962 -0.460171073675156
-0.194343670777856 -0.980789967426169 0.0167802689121046 -14.1746168136597 0.98062957978151 -0.19382923110239 0.0282109274536543 7.79440879821777 -0.0244164879974071 0.0219378432492889 0.999461137887533 -0.464566290378571
-0.140817346409584 -0.989833244291594 0.0200155800650617 -14.201265335083 0.989795551321308 -0.140309262403918 0.0248611638548277 8.04653453826904 -0.0218000351997736 0.0233122152282042 0.999490519758163 -0.440902888774872
-0.0947103287830704 -0.995164827215691 0.026017691953116 -14.2195596694946 0.99536271504006 -0.0942227955260881 0.0193682810628568 8.35247135162354 -0.0168231724084236 0.0277314167689556 0.999473836272918 -0.459948420524597
-0.0925675816432498 -0.99548766540759 0.0208698550561816 -14.2276859283447 0.995616324717686 -0.0922569445749191 0.0153879866567543 8.50082969665527 -0.0133931618510508 0.0222027970996007 0.99966377298399 -0.487204253673553
-0.093599839510991 -0.995438629196431 0.0184663355067392 -14.2270851135254 0.995546238549972 -0.0933680108817923 0.013042294774265 8.66152858734131 -0.01125863901713 0.0196048475512623 0.999744413837844 -0.436166435480118
-0.0918938642295863 -0.995538574944953 0.0214117611028606 -14.2317142486572 0.995670618669319 -0.0915615980414166 0.0160153951795364 8.79659366607666 -0.013983448630757 0.0227907779742964 0.999642457883676 -0.445260137319565
-0.0953780684398819 -0.995270332668512 0.0184387898352089 -14.2493600845337 0.995383529539024 -0.0951569391720284 0.0125214236349358 8.95293521881104 -0.0107076226638711 0.0195479369070162 0.999751581633941 -0.40874308347702
-0.101587610583743 -0.99467007751122 0.017646367323317 -14.2633466720581 0.994487437859143 -0.101073857889774 0.0279071888880633 9.10404014587402 -0.0259748593113024 0.0203841152641344 0.999454748614792 -0.478971898555756
-0.105699294630088 -0.994091698613227 0.0246850939429287 -14.2766017913818 0.99426165583684 -0.105240941857952 0.0191860337078088 9.40152454376221 -0.0164747943018404 0.0265713926078487 0.999511151637435 -0.470093011856079
-0.107633495406252 -0.993980416503565 0.0204441256607599 -14.3054342269897 0.994038178074408 -0.107234115731309 0.0197216873982726 9.64793872833252 -0.0174106633171568 0.0224449555741315 0.999596464965804 -0.483313083648682
-0.109328043307009 -0.993788800757049 0.020765318117649 -14.3191118240356 0.993629255090907 -0.108687885086477 0.029796762624777 9.92335414886475 -0.0273547504859644 0.0238906493276156 0.999340259621594 -0.465583145618439
-0.115160445427246 -0.993042053562852 0.0246079593764307 -14.3383560180664 0.992953243637104 -0.114382119840936 0.0309933317222907 10.1943101882935 -0.0279629712218224 0.0280037589685304 0.999216624023079 -0.488498568534851
-0.120455728136059 -0.992289026811686 0.0292045343795988 -14.3704519271851 0.992594178357067 -0.119922543719161 0.0193747412779079 10.4862356185913 -0.0157230611164483 0.0313220493748968 0.999385668584499 -0.497819781303406
-0.120982985816871 -0.992355894701309 0.0243494434104713 -14.4022932052612 0.992407029593711 -0.12036863254062 0.0252918942210402 10.7788372039795 -0.0221676511119675 0.0272244476870719 0.999383522323793 -0.49952632188797
-0.122908484090822 -0.991933078646068 0.0310205097674143 -14.423285484314 0.992372824093463 -0.122544560615915 0.0133794119533549 11.0741672515869 -0.00947008654983579 0.0324283541239212 0.999429196746599 -0.4261873960495
-0.11920355093722 -0.992609594867405 0.0227311596959654 -14.4492530822754 0.992624784856294 -0.118634264724235 0.0249388797329952 11.3388938903809 -0.0220578768913553 0.025536315523311 0.999430511169506 -0.523670971393585
-0.11252361741277 -0.993499842102159 0.0172191540828659 -14.4640560150146 0.993366791253981 -0.11206174215117 0.0257795263690981 11.6244850158691 -0.023682346972272 0.0200057414016431 0.999519342860785 -0.509312868118286
-0.0925397763000227 -0.995417508391591 0.0240909482963892 -14.471851348877 0.995568327540717 -0.0920929479396696 0.0190419047776546 11.9083003997803 -0.0167360389615263 0.0257463187127565 0.99952840483531 -0.476972460746765
-0.0426960247642636 -0.998905803729742 0.0190851969957868 -14.4788837432861 0.999009255635267 -0.0424448668921957 0.0133768617236519 12.1707515716553 -0.0125521561653486 0.0196374272638345 0.999728370521742 -0.498094171285629
0.0163679619475944 -0.999635775942511 0.0214570565897349 -14.4471845626831 0.99985813260813 0.0164493882677474 0.00362384919671835 12.4365720748901 -0.00397548475858777 0.0213946975073236 0.999763203183386 -0.478443562984467
0.068502076608952 -0.997394920730582 0.0226017167732389 -14.419792175293 0.997581027701608 0.0687479577545846 0.0102864704528057 12.6963367462158 -0.0118134952517813 0.0218423992594745 0.999691627915592 -0.522608935832977
0.115965258129819 -0.993074138797479 0.0188630262293694 -14.3700065612793 0.993162909541685 0.116189958990481 0.0112839948815136 12.957573890686 -0.0133975377431811 0.0174255066335513 0.999758399665131 -0.485842287540436
0.131174150576401 -0.99121260654959 0.0170561085165105 -14.3209447860718 0.991134187677912 0.131491606919125 0.0190520163203829 13.204927444458 -0.021127333873575 0.014405760201864 0.999673001454176 -0.473214596509933
0.131035099706707 -0.991061407556572 0.0250417470804034 -14.2838544845581 0.991295489753394 0.131307774927823 0.00956662103788142 13.440357208252 -0.0127692850007961 0.0235702077947941 0.999640630759414 -0.528951704502106
0.123946338341821 -0.991614455717545 0.0365797269488324 -14.2343883514404 0.992125812031846 0.124510107071732 0.0135501415909713 13.7970447540283 -0.0179910619976805 0.0346122008687994 0.999238868959376 -0.548818290233612
0.119281043219025 -0.99253217726943 0.0255325246183225 -14.1973524093628 0.992798928172106 0.119520659361532 0.00806846987364156 14.0338468551636 -0.0110598801484647 0.0243862475708893 0.999641430704286 -0.49281844496727
0.101745122665199 -0.994513530063114 0.0243057305022417 -14.1670341491699 0.994729429328357 0.102018374865712 0.0102768486337385 14.2731246948242 -0.0127000961384262 0.0231320062070523 0.999651748283827 -0.50286591053009
0.0675464817646775 -0.997404260839896 0.0249442029264441 -14.1504545211792 0.997232937039179 0.068270668351005 0.0294208281175037 14.5059881210327 -0.0310474167271078 0.0228879073164984 0.999255823907594 -0.543726563453674
0.0156527201132324 -0.999551355681664 0.0255358514250755 -14.150221824646 0.99955210848181 0.0162940090014992 0.0251015477655555 14.7509298324585 -0.0255063674917502 0.0251315066322292 0.999358710669883 -0.546592116355896
-0.0379487339138914 -0.999150002724943 0.0160986225832616 -14.1694946289062 0.998931568555287 -0.0375053848502885 0.0270012490619479 15.0037832260132 -0.0263745130382774 0.0171060855246716 0.999505761314069 -0.513562858104706
-0.0470297332480413 -0.998807332735459 0.0131193088421498 -14.1674346923828 0.998562066585042 -0.0466717736004491 0.0263731819543754 15.2155895233154 -0.0257294261115215 0.0143407678618009 0.999566075359256 -0.545945346355438
-0.0454515789098465 -0.998590531897403 0.027406268981078 -14.1538200378418 0.998849869388053 -0.0450098767827141 0.0165242069544972 15.4673709869385 -0.0152673638219619 0.0281257994884786 0.999487792324179 -0.491198152303696
-0.0434160898709027 -0.998681757756214 0.0273822910889538 -14.1636571884155 0.998869595570077 -0.0428606797880393 0.020554638741112 15.7102289199829 -0.0193539191377912 0.0282437400686535 0.999413686598769 -0.505070626735687
-0.0353321556661518 -0.999273711672207 0.0142719282801146 -14.1614456176758 0.998936993256813 -0.034889982186965 0.0301259463923078 15.9389419555664 -0.0296061189456125 0.0153211717516377 0.999444215260229 -0.558066248893738
-0.0371838133420887 -0.999129713935555 0.0188991734315634 -14.1696815490723 0.999019961743774 -0.0367120331808325 0.0247253444302991 16.200855255127 -0.024009999225493 0.0198000341107045 0.999515621982171 -0.591405630111694
-0.032401435547756 -0.999371440891422 0.0143829796999062 -14.1576280593872 0.999361469638458 -0.0321775688084001 0.0155324520807715 16.4588470458984 -0.015059879697574 0.0148770694756721 0.999775911305784 -0.523612201213837
-0.0284332945514127 -0.999487347176435 0.0147170171966013 -14.1654977798462 0.999455449636238 -0.0281796070611839 0.0171672344395399 16.7273368835449 -0.0167437138466187 0.015197124072986 0.999744315045868 -0.582341969013214
-0.020142940297834 -0.999408798629213 0.0278624331075374 -14.1620178222656 0.999384736157763 -0.0193264855812751 0.0292683462114731 17.0050201416016 -0.0287125598133602 0.0284348409102437 0.999183190777033 -0.642974972724915
-0.0109093577394666 -0.999643127436603 0.0243844967649506 -14.1292943954468 0.999752296806148 -0.0104309636257155 0.0196606212687141 17.4109439849854 -0.0193992511336174 0.024592941398022 0.999509307754985 -0.483412444591522
-0.0112270561885143 -0.999297802943961 0.0357470871640138 -14.1241159439087 0.999512277465841 -0.0101733001706373 0.029524755014839 17.6591472625732 -0.0291403569708419 0.0360611285875771 0.998924639099768 -0.576424777507782
-0.00500341488104892 -0.999560025026542 0.029235632513549 -14.1179609298706 0.999689621769126 -0.00428625978512652 0.0245415587148996 17.8886890411377 -0.0244054495273199 0.0293493500097292 0.999271229290314 -0.561547338962555
-0.00792001598110974 -0.999540578975489 0.0292558426336142 -14.1142950057983 0.999866857252283 -0.00749840692406329 0.0144928141519619 18.0996875762939 -0.014266783635463 0.029366730750034 0.999466884899022 -0.584551453590393
-0.00716129617002513 -0.999360888061562 0.0350218681679109 -14.1018085479736 0.999865388358213 -0.00663909841746058 0.015004250580508 18.3119850158691 -0.0147621475553046 0.0351246036989547 0.999273907001752 -0.552738010883331
-0.00924548040826463 -0.999628895690321 0.0256240510647748 -14.1036100387573 0.999615036221219 -0.00856892091419065 0.0263885004276103 18.6053848266602 -0.0261591370743004 0.0258581610969562 0.999323298563689 -0.608922839164734
-0.00310917280051185 -0.999650545982786 0.0262510754220432 -14.1033601760864 0.999968603383094 -0.00291668042529733 0.00736785066094262 18.8272666931152 -0.00728870993810444 0.0262731591479581 0.999628228801 -0.553967356681824
-0.000362266666001131 -0.999639718020067 0.0268384597103534 -14.0970602035522 0.999850706350148 0.000101558651686319 0.0172787353979059 19.0409564971924 -0.0172752358586875 0.0268407124086122 0.999490441366712 -0.641239583492279
0.00891280452046831 -0.999707535762772 0.0224812111485684 -14.067234992981 0.999631093188047 0.00948444618255381 0.025450399059342 19.4025020599365 -0.0256561775650512 0.0222460832448509 0.999423269857678 -0.587229549884796
0.0160337387401194 -0.999489272245205 0.0276426100208378 -14.0585613250732 0.999721878539291 0.0165033886999129 0.0168464753373225 19.6613063812256 -0.0172940681126512 0.0273648100335105 0.999475903851586 -0.645255923271179
0.0235198819034501 -0.999075517588562 0.035985070659867 -14.0326147079468 0.999721499961891 0.0235742049729229 0.00108598979803404 19.9541931152344 -0.00193330525126758 0.0359495064645188 0.99935173753577 -0.498009145259857
0.0214298667091362 -0.999334723682538 0.0295105210928943 -14.0076236724854 0.999636199057388 0.021901192416235 0.0157418964818189 20.2434940338135 -0.0163777393716564 0.0291624383941494 0.999440504402329 -0.526370286941528
0.0160606691170606 -0.999456931056292 0.0287732144719697 -13.9969081878662 0.999847392626657 0.0162514649489551 0.00640947304301941 20.5694236755371 -0.0068735991437242 0.0286658830415278 0.999565415960487 -0.505691766738892
0.0229672112674439 -0.999660444679884 0.0123086371712695 -13.9836759567261 0.999695947647309 0.0230750523380467 0.00869219288466986 20.8977565765381 -0.00897326385126947 0.0121052592708196 0.999886465171842 -0.556048512458801
0.027053263548639 -0.999333777415398 0.024497392678413 -13.9555759429932 0.999467812895001 0.0274874759293824 0.0175650122093767 21.2541675567627 -0.0182266814931245 0.0240091645773881 0.999545570796071 -0.55903035402298
0.0263491811037958 -0.999487175661319 0.0181963277536921 -13.9379472732544 0.99926342833686 0.0268425553923262 0.0274240407029146 21.5742015838623 -0.0278984129230425 0.0174603238392166 0.999458261083376 -0.603940963745117
0.0345461239060283 -0.99901430904591 0.0278742828534187 -13.9172735214233 0.999071705267453 0.0352394368984094 0.0247772036571057 22.0443420410156 -0.0257350550232947 0.0269924509558891 0.999304315278555 -0.587934195995331
0.0338672155454623 -0.998786213546331 0.0357646660962976 -13.8934497833252 0.99912196117709 0.0347183325815648 0.0234508864736932 22.3354873657227 -0.0246641116775648 0.0349390471040399 0.999085053727969 -0.624982833862305
