1 0 0 0 0 1 0 0 0 0 1 0
0.999618344647379 -0.0275713898138282 -0.00172728346475821 0.514756858348846 0.0275705991399674 0.999619743576722 -0.000479911108416311 0.000146568811032921 0.00173985847037204 0.000432105707765059 0.999998393087289 -0.0090505313128233
0.998264977538189 -0.0586172940042957 -0.00557202515194166 1.18864798545837 0.058609429364082 0.99827976387524 -0.00156455323061023 0.0311764124780893 0.00565414982969127 0.00123526548105481 0.999983252214203 -0.0524803064763546
0.996278057266817 -0.0856161595516582 -0.00999529050509531 1.86836516857147 0.0855926365751785 0.996326397360517 -0.00275871106189214 0.0902861207723618 0.0101947620259453 0.00189292002963643 0.99994624039545 -0.0951603278517723
0.994564637562159 -0.103267711611392 -0.0133026857963701 2.39400100708008 0.103239911008536 0.994652649757115 -0.00276172158255855 0.141445472836494 0.0135167483441844 0.00137334252701317 0.999907701462742 -0.131478399038315
0.993039696808362 -0.116672997357065 -0.0161112460869639 2.94988608360291 0.116636957983441 0.993169583783615 -0.00316194235394533 0.199433669447899 0.0163701128623304 0.0012607675435813 0.999865205850306 -0.16339598596096
0.991618678194807 -0.127902428025902 -0.0182583120869182 3.52480888366699 0.127840144081436 0.991784379160863 -0.00454343633598289 0.241750627756119 0.0186894252566028 0.00217121108607416 0.999822979944949 -0.181202501058578
0.990905870066178 -0.133218726209858 -0.0189295445115428 4.10940933227539 0.133149753736793 0.991083994350169 -0.00486407470592174 0.315051198005676 0.0194087544222416 0.00229937598847668 0.999808988318189 -0.226620689034462
0.990460135674067 -0.136388532677178 -0.0196694635075814 4.71122407913208 0.136300553307272 0.990650830455369 -0.00575250260491854 0.390485286712646 0.0202701457479036 0.0030166657511925 0.999789988407118 -0.255713641643524
0.990565067772546 -0.135557359238206 -0.0201258258249418 5.34508657455444 0.135434696644802 0.990759057541434 -0.00734389844294164 0.453463286161423 0.0209353637060011 0.00454887414352007 0.999770482806191 -0.293256163597107
0.990534472750541 -0.135731094782679 -0.0204579618218032 6.02080678939819 0.135603131260461 0.990734667210775 -0.00752396033434964 0.539754629135132 0.0212896473706177 0.00467857840053753 0.99976240268325 -0.357037842273712
0.990456445336716 -0.136249890099288 -0.0207845456743447 6.75548124313354 0.136211680612307 0.99067442542144 -0.00324975086293442 0.614551663398743 0.021033496041502 0.000387638790866193 0.999778696402579 -0.397251725196838
0.990517843576801 -0.135445366377278 -0.022999006128304 7.55172061920166 0.135411655501614 0.990784809421131 -0.0030240659129047 0.682649075984955 0.0231966616192295 -0.000118942247840929 0.99973091416764 -0.438463628292084
0.990630994763224 -0.134601809394423 -0.0230778058353083 8.39757347106934 0.134890071244667 0.990794774085936 0.0114185955182152 0.749502956867218 0.0213284058014985 -0.0144245815103038 0.999668460317829 -0.474837630987167
0.990742290061539 -0.133407880745564 -0.0251406451507319 9.26860237121582 0.133801964202256 0.990899088401068 0.0146979924326823 0.840523242950439 0.0229510143400165 -0.0179257903845427 0.999575868546182 -0.54547917842865
0.99082731711276 -0.133032190544914 -0.0237416078215305 10.1928272247314 0.133394494675453 0.990958623173949 0.0143845732461163 0.92458039522171 0.0216133397097751 -0.0174196278953973 0.999614635802506 -0.573615610599518
0.991003607522153 -0.13180010357461 -0.0232504317336573 11.1119337081909 0.132066726358228 0.991187060068417 0.010324327675464 1.00185704231262 0.0216847796184408 -0.0133020543771052 0.999676360469851 -0.580107986927032
0.991150075255438 -0.130965267708509 -0.0216708785050017 12.046781539917 0.131193880123206 0.99131139195516 0.00948103360083841 1.0974212884903 0.0202409026319972 -0.0122402138037201 0.999720202369984 -0.623065412044525
0.991218003131946 -0.130588409720565 -0.0208215636725878 12.9923896789551 0.130846773914804 0.991335148657941 0.0115648083177297 1.17496907711029 0.0191309179917201 -0.0141876806417236 0.999716318609836 -0.718848764896393
0.991530489911068 -0.128451875115639 -0.0191677686754279 13.9389934539795 0.128711089988087 0.991597441949939 0.0129602635936008 1.26099014282227 0.0173419402258515 -0.0153176009091934 0.999732278268332 -0.770504295825958
0.991791709111618 -0.126034486485984 -0.0215525857768817 14.8909721374512 0.126371029167189 0.991869113095747 0.0150341436032032 1.33771252632141 0.0194825235706494 -0.0176343614250891 0.999654670660048 -0.82841295003891
0.992533389902432 -0.12026065962752 -0.0203677115734627 15.8694591522217 0.12071214358136 0.992429993502021 0.022611642787989 1.42023611068726 0.0174942367875572 -0.0249014405915052 0.999536827703556 -0.884759366512299
0.993435727792108 -0.112293962484932 -0.0218064379392213 16.8417644500732 0.112711657709818 0.993446578955317 0.0189730592758014 1.4749481678009 0.0195329711633796 -0.0213063547189745 0.999582163849536 -0.921631634235382
0.994254876508546 -0.104938575473503 -0.0210982443953896 17.833044052124 0.105306568636376 0.994291769789948 0.017158179682152 1.52863967418671 0.0191772558257893 -0.0192813875425196 0.999630162086673 -0.99304074048996
0.994607269711746 -0.101663029472657 -0.0205184666821834 18.3310890197754 0.102121392914271 0.994513268611749 0.022684348446091 1.56453740596771 0.0180997277823565 -0.0246573922712061 0.999532096963669 -1.02235448360443
0.994975667810511 -0.0977773664918806 -0.0215175990049769 19.3356323242188 0.0982521812028532 0.994913001689774 0.022240232856813 1.62390673160553 0.0192335476162931 -0.0242426415754562 0.999521067799742 -1.06112682819366
0.99518545296619 -0.0960712011514991 -0.019396868659359 19.8638687133789 0.0963492087280967 0.995249911004575 0.0139443401727746 1.62901544570923 0.017965082297331 -0.0157460774382893 0.999714617710153 -1.09057509899139
0.995363360617532 -0.0940459302756782 -0.0201777932082656 20.3872127532959 0.094315346534657 0.995459542395966 0.012841918114595 1.64975833892822 0.0188784466580493 -0.0146854503300607 0.999713929982164 -1.11751413345337
0.995462854392036 -0.0923676066816221 -0.022845804025446 20.9240818023682 0.0926854577647328 0.995607050435687 0.0132667645525802 1.68094956874847 0.0215200242704756 -0.0153240451141604 0.999650970187464 -1.14032554626465
0.995656531642955 -0.0902449326646214 -0.0228893670746675 21.476734161377 0.090533953092349 0.995822037141057 0.0119194665026547 1.70439791679382 0.0217180646972345 -0.0139399595621191 0.999666946134168 -1.168492436409
0.995772620493248 -0.0893090449945754 -0.0214658509770093 22.0278072357178 0.0896010682179719 0.9958922512745 0.01304884767349 1.72950208187103 0.0202122945310177 -0.0149170484199962 0.99968442261357 -1.21263635158539
0.995855702415253 -0.088032303597524 -0.0228414861674322 22.5648536682129 0.088341695125718 0.996006597497135 0.0129074646811597 1.7496691942215 0.0216139970699158 -0.014871827913678 0.999655772686362 -1.24196326732635
0.99588413286206 -0.0883165950981153 -0.0203708847097393 23.11181640625 0.0885611669591981 0.996005135792538 0.0114319369187198 1.76843762397766 0.0192798760475002 -0.0131889539071188 0.999727131708662 -1.25901710987091
0.995967894076598 -0.0877891929281865 -0.0184664986839546 23.633825302124 0.0878716699219164 0.996124925144149 0.00370177412837627 1.77887666225433 0.0180699638560962 -0.00530953025995611 0.999822626916724 -1.29964888095856
0.995808899273165 -0.0892178936512691 -0.0201197311313601 24.6371803283691 0.089273871433077 0.996005304825293 0.00189964186768279 1.81718969345093 0.0198698768923668 -0.00368784656755953 0.999795773035662 -1.36352288722992
0.995762678381292 -0.0899454790125686 -0.0191441674699057 25.1404914855957 0.0900894764794584 0.995910492409515 0.00679539081244395 1.85686910152435 0.0184546625700211 -0.0084912845810457 0.999793640465666 -1.37623834609985
0.995682109199649 -0.0908574975812783 -0.0190276786026414 26.1340160369873 0.0910339811465774 0.995810460105188 0.00862217035890873 1.90796411037445 0.0181645725615001 -0.0103171061040129 0.999781779002446 -1.46427464485168
0.995714672454915 -0.0905613976782884 -0.0187329738310726 26.6504955291748 0.0907274544994192 0.995841906624966 0.0082113342161298 1.92485642433167 0.0179114504732746 -0.00987574099032897 0.999790802959217 -1.4719625711441
0.995685318071663 -0.091111626106341 -0.0175903088315287 27.1692371368408 0.0912352179503138 0.995809094562816 0.00635469838335908 1.94728255271912 0.0169376026074817 -0.00793213554114223 0.999825084124052 -1.4806627035141
0.995567632575161 -0.0922519507145717 -0.0182938940099006 27.6937198638916 0.0924465370979503 0.995666516309812 0.0100908908467618 1.98870646953583 0.0172837133535171 -0.0117373714621372 0.99978172986101 -1.5092681646347
0.995372778431993 -0.0937991165603827 -0.0208508438454431 28.204080581665 0.0940640483200193 0.995492509168521 0.0121086334080446 2.01769852638245 0.0196210797415531 -0.0140139188613708 0.999709269391818 -1.54389464855194
0.994984377758413 -0.0976891454392943 -0.0215155497267631 28.7167472839355 0.0979153816186983 0.995147248274716 0.00972277191577324 2.04644751548767 0.020461330825953 -0.0117807094269347 0.999721235558307 -1.56926572322845
0.994577584138115 -0.101579754827879 -0.0222931051919281 29.2209033966064 0.101760207627607 0.994783532249548 0.00711225060721341 2.07408404350281 0.0214543532546818 -0.00934223603970185 0.999726179187182 -1.59248650074005
0.993874956026466 -0.10841819667672 -0.0214024861350008 29.7307586669922 0.10855567760035 0.994075885712995 0.00536640518914471 2.11048126220703 0.0206938793878673 -0.00765689710609851 0.999756538004422 -1.63410520553589
0.992865316116704 -0.116897990054375 -0.0235228394061019 30.2324924468994 0.117070203457462 0.9931050453224 0.00607753384376327 2.15531373023987 0.022650199003685 -0.00878799615616753 0.999704826240552 -1.67175269126892
0.989596350786637 -0.142099792092292 -0.0225102553761317 31.2236843109131 0.14213947314198 0.989846626047086 0.000164554307763714 2.25318384170532 0.0222583172026011 -0.00336243818192398 0.999746598556245 -1.7170227766037
0.985420412216429 -0.168954071284813 -0.0200283045585208 32.2110900878906 0.168601875154117 0.985517206376814 -0.0181450717759757 2.3529577255249 0.0228039225072837 0.0145037144044543 0.999634744987766 -1.76658284664154
0.979712898999553 -0.19891274519576 -0.0244203876418495 33.164852142334 0.198508713287957 0.979933680702405 -0.0180075587961387 2.53031516075134 0.0275122933004711 0.0127945779032933 0.999539580253641 -1.78619968891144
0.972272287725333 -0.232106613638093 -0.0285152314878093 34.1318130493164 0.231116269717895 0.97232498766422 -0.0341963190337811 2.70521783828735 0.0356632639144454 0.026657799407155 0.999008254889686 -1.8372563123703
0.968597695604857 -0.246998105475988 -0.0284682272056773 34.6187515258789 0.246074761054553 0.968709612062537 -0.0323867174871544 2.81936836242676 0.035576903194433 0.0243643877189795 0.99906989773998 -1.86066734790802
0.964472948429907 -0.262562715743108 -0.0292019185761172 35.1112670898438 0.261617864947627 0.964622484882706 -0.0325507972092782 2.95155668258667 0.0367154529751079 0.0237546197679183 0.999043389224169 -1.8601291179657
0.95408167496364 -0.297178771494203 -0.0375890312694056 36.0581092834473 0.296351269940085 0.954723030301502 -0.0260741292628787 3.23278045654297 0.0436357915417481 0.0137372917678399 0.998953054207959 -1.9200131893158
0.943478663248839 -0.32949807117592 -0.035763572046606 37.0136108398438 0.328113273301807 0.943809002346302 -0.0395758382507856 3.51146554946899 0.0467941436224514 0.0256044562806266 0.998576346576072 -1.96613073348999
0.932262227283578 -0.359781465585473 -0.0380057443215101 37.9559326171875 0.358293608006764 0.93271697125455 -0.0408012499224577 3.8532989025116 0.0501281362286547 0.0244202488707279 0.99844420044554 -1.96393120288849
0.926525320029759 -0.374758092407809 -0.0332746678212108 38.4236831665039 0.373436014895159 0.926798100074594 -0.0398851410596253 4.03545522689819 0.045786178296233 0.0245286337365883 0.99865007485307 -1.99936020374298
0.916251228892187 -0.399216395059782 -0.0333159941924027 39.3610610961914 0.397356557890732 0.916243128657952 -0.051051886236628 4.39215850830078 0.0509063007375859 0.0335380247265738 0.998140145191373 -1.99940967559814
0.911750170619475 -0.409338196989115 -0.0339686158249 39.8292007446289 0.407726831315442 0.911957287019499 -0.0457464498896357 4.59297466278076 0.0497036960479598 0.0278594173976525 0.998375378032449 -2.01960039138794
0.905322121085305 -0.423327138944651 -0.0344382128824977 40.7512016296387 0.421152688085438 0.905245570039159 -0.056221626113875 4.96550989151001 0.0549751797815491 0.0363949358759558 0.997824202076985 -2.01913905143738
0.901037646517326 -0.432278336350054 -0.0355893169497267 41.2091445922852 0.430138434961803 0.90109422923924 -0.05486453135087 5.17090034484863 0.0557860764629445 0.0341266751115489 0.997859350669573 -2.05690264701843
0.895777495885695 -0.44297739592655 -0.0367927243199923 42.102840423584 0.440694696347711 0.895867277517756 -0.0566569120577842 5.57116508483887 0.0580591291336096 0.0345376283357339 0.99771553548754 -2.06479692459106
0.891706057022327 -0.450929029945151 -0.0390297043598829 42.9870491027832 0.44868229228513 0.892008250242501 -0.0548222773065267 5.97714328765869 0.0595357746187574 0.0313734195145843 0.997733030468825 -2.06931781768799
0.892675956085718 -0.449021591112087 -0.0388490429948962 43.8575630187988 0.446988658755009 0.893069590031005 -0.0512625234089307 6.36693716049194 0.0577128787260475 0.0283957404732294 0.997929308895239 -2.10319852828979
0.896716766189362 -0.440921390856379 -0.0385664144064445 44.7092132568359 0.438676182359522 0.896960867551275 -0.0549946280298378 6.73288249969482 0.0588408724048917 0.0323964375655886 0.99774156101051 -2.11642956733704
0.900677716551903 -0.432735293464478 -0.0389848264977676 45.5776748657227 0.430360411722623 0.900861499892942 -0.0569075920468746 7.08947992324829 0.0597458528166062 0.034477874076732 0.997618017715381 -2.11861348152161
0.904618082377592 -0.424482736425618 -0.0384776755029135 46.4359893798828 0.422183131800119 0.904785023256369 -0.0559058576037839 7.44608736038208 0.0585450959426297 0.034328824151001 0.997694343761394 -2.12496256828308
0.907976687303523 -0.41741353657184 -0.0366643532591307 47.2527465820312 0.415140123080431 0.907998396259976 -0.0565472421792294 7.77711629867554 0.0568947583006163 0.0361227335053868 0.997726482860916 -2.15795350074768
0.91090883024122 -0.41074457292851 -0.0391662967147614 48.0546760559082 0.408646112822821 0.911211547382215 -0.0519795189676404 8.09589099884033 0.0570390871540815 0.0313434479131621 0.997879817818531 -2.17644190788269
0.914858699881363 -0.401891260092861 -0.0389483544242243 48.848575592041 0.399791379094433 0.915125549430169 -0.0520776533832187 8.38918972015381 0.0565721879827302 0.0320724779383244 0.997883231498427 -2.17984104156494
0.917773720518286 -0.395709605525831 -0.0332461429434084 49.6202583312988 0.393555753420435 0.917546916697212 -0.0567584760992849 8.67110443115234 0.0529647701372945 0.0390072269461724 0.997834239425704 -2.2040958404541
0.920153919852555 -0.390051725706876 -0.0342989074616796 50.316520690918 0.388166800573739 0.920182706790655 -0.050895196784872 8.93494319915771 0.0514130208441809 0.0335177176506922 0.998114855059859 -2.22052621841431
0.923246319773306 -0.382874455984605 -0.0319903732322492 50.9321708679199 0.381008999517063 0.92310180092359 -0.052107652208028 9.14601993560791 0.0494810601346907 0.0359195780336925 0.998128953894149 -2.2391209602356
0.926114419525476 -0.375896525711259 -0.0318415436999293 51.465015411377 0.374106355622695 0.925998776371274 -0.0507020792631667 9.3255729675293 0.0485439659452682 0.0350438028345609 0.998206098585456 -2.24106550216675
0.929568212614303 -0.367142484587702 -0.0333066676180533 51.9616165161133 0.365315118340231 0.929516733524807 -0.0504331875795716 9.48744869232178 0.0494752706825709 0.0347136588123764 0.998171908782623 -2.25874614715576
0.933625466649134 -0.356654726834431 -0.0337771202272123 52.4396209716797 0.354773103188 0.933549222010784 -0.0512044464613769 9.63505554199219 0.0497949121752694 0.0358225614622513 0.998116832245474 -2.26647305488586
0.939492494061825 -0.340999054025221 -0.0327642908575039 53.1443099975586 0.339145540769395 0.939327163006007 -0.0514274539066435 9.84262847900391 0.0483131015121739 0.0372038437932081 0.998139127691769 -2.28226637840271
0.943461761095751 -0.330052715558012 -0.0307426463221091 53.6351089477539 0.328267641047429 0.943171001567703 -0.0516606004894643 9.9705171585083 0.0460462940013706 0.0386479851293398 0.998191400511035 -2.29805374145508
0.948154317488779 -0.316270225333857 -0.0312495567113988 54.1588287353516 0.314393481630898 0.947794934413727 -0.0533057314712126 10.1079759597778 0.0464771872577247 0.0407174025074088 0.998089156437269 -2.31243991851807
0.952838576445933 -0.301944569484617 -0.0304651308094456 54.7428588867188 0.30028708447963 0.952576792287644 -0.049245524565253 10.2574872970581 0.0438897952969846 0.03777475021403 0.998321969163785 -2.31727337837219
0.957509934150097 -0.287155966427941 -0.0267614825581776 55.3778686523438 0.28571097888964 0.957131141424837 -0.0476362745889371 10.408127784729 0.0392932888137423 0.0379661567665742 0.998506188460831 -2.34913229942322
0.962251177125543 -0.270964412668885 -0.025513901848072 56.0275039672852 0.269707537822319 0.961934632446857 -0.0440409688943344 10.5511951446533 0.0364762410663323 0.0354971825126389 0.998703876968211 -2.37168145179749
0.967729094437773 -0.250749059204583 -0.0250061809692098 56.7063331604004 0.249500730042227 0.96735083441759 -0.0445168379379001 10.6773443222046 0.0353523052578537 0.0368411788574912 0.998695620323503 -2.39440441131592
0.973021334189726 -0.229275749960197 -0.0257315699450117 57.3897743225098 0.228103605981457 0.972738874904491 -0.0418070112278018 10.7929039001465 0.0346154322506856 0.0348096499513393 0.998794303207804 -2.41952872276306
0.977839511322902 -0.207454424015605 -0.0281523010097085 58.0784912109375 0.206354950332494 0.977755626025043 -0.0375708696951658 10.9057455062866 0.0353203138301689 0.0309289141860935 0.998897330909542 -2.47972345352173
0.982168859397679 -0.185911577949525 -0.0279502560592808 58.8052177429199 0.184747902760314 0.981985033933154 -0.0396686974448034 10.9839019775391 0.0348216032819789 0.0337976081345883 0.998821894848753 -2.49815964698792
0.985537101985085 -0.166709005181417 -0.0304093439959222 59.5375137329102 0.165582533551291 0.985522855389553 -0.0364297417992086 11.0651550292969 0.0360422695397464 0.0308676059363794 0.998873438284441 -2.51212620735168
0.988052074578617 -0.150899189340732 -0.031345375690848 60.2811431884766 0.149868160785967 0.988155243715046 -0.0329961922210741 11.1453495025635 0.0359531960126206 0.0279042823732945 0.998963822528979 -2.54348087310791
0.989932904499598 -0.138941363372226 -0.0269841089023884 61.0802307128906 0.138294015330163 0.990087086336949 -0.0245423469267236 11.2236270904541 0.0301265649029178 0.0205635360061906 0.999334544121273 -2.56315016746521
0.991282431617168 -0.128473073552718 -0.0292200297582545 61.868896484375 0.127554071480779 0.991334296479635 -0.0314049593520353 11.2716999053955 0.0330015092962674 0.027404050706869 0.999079535567126 -2.61730766296387
0.992437654880212 -0.117992583106816 -0.0338415647931119 62.6629600524902 0.116954666002126 0.992647955182237 -0.0311711913929391 11.3087539672852 0.0372707294830195 0.026977535178463 0.998940991910683 -2.62967610359192
0.992966564624458 -0.118231683774959 -0.0062185600938296 63.4841117858887 0.118123735456152 0.992877286401408 -0.0155395389269318 11.390772819519 0.0080115329237033 0.0146956830366818 0.999859916308429 -2.69291234016418
0.992940561618275 -0.116283558339234 -0.0233917753313172 64.2753448486328 0.115347856544086 0.992597519841747 -0.0380136238038065 11.4399747848511 0.0276389776198365 0.0350470778236692 0.999003398018321 -2.75415849685669
0.993151628196057 -0.11400978791938 -0.0255266854506952 65.0790481567383 0.113107121558266 0.992987576433562 -0.0343868012674174 11.497386932373 0.0292681134397919 0.0312640577529384 0.999082547254478 -2.77093124389648
0.993918595020933 -0.10996385010868 0.00581189649689933 65.8785095214844 0.11011699746749 0.992660081243921 -0.050002099691486 11.5175008773804 -0.000270814253199497 0.0503380052652887 0.998732202287256 -2.7447555065155
0.99381844034011 -0.106989745613487 -0.0296327854497727 66.6398849487305 0.106072030217012 0.993875588660505 -0.0309844908038822 11.5952463150024 0.0327663248716141 0.0276497486118041 0.999080506944316 -2.83911991119385
0.993996308644685 -0.104973444715595 -0.0308531085189392 67.424186706543 0.1040418351494 0.994108365350881 -0.0303949745541105 11.6389036178589 0.0338619984567438 0.0270024784777609 0.999061675381742 -2.89914846420288
0.994291721965409 -0.101923785973423 -0.031551758808445 68.2508316040039 0.10089589193363 0.994362103282612 -0.0326194197725529 11.6816987991333 0.0346985680105059 0.0292497762081113 0.998969699225055 -2.92509651184082
0.994326173367118 -0.103169575372751 -0.0259133107593376 69.0881958007812 0.102495616095574 0.994390544006112 -0.0261169422486035 11.7444515228271 0.0284624250248002 0.0233127584947495 0.999322973644193 -2.94221615791321
0.993597507922244 -0.109681474967958 -0.0270918124081618 69.885856628418 0.108815516549637 0.993559414025408 -0.0316049704876286 11.7788801193237 0.0303838050405414 0.0284546103530039 0.999133204102895 -3.00873398780823
0.992850863953 -0.115842090486656 -0.0287710274314617 70.6788177490234 0.11527690504917 0.993120026766654 -0.0205875592843285 11.8611259460449 0.0309579894383519 0.0171237410247455 0.999373994250027 -3.04043817520142
0.991855675448498 -0.122488788815777 -0.034911541000765 71.5029525756836 0.121857545417358 0.992352531192699 -0.0196772066182939 11.9264516830444 0.0370547932858995 0.0152627143682369 0.999196673255397 -3.09717178344727
0.991576558529747 -0.127204607451895 -0.0243909084970509 72.4021606445312 0.12608480119451 0.991088103611171 -0.0429766656239689 11.9818286895752 0.0296403691279841 0.0395393313476946 0.998778298620136 -3.12563633918762
0.990817593237364 -0.13132302818584 -0.0321676732049285 73.2773742675781 0.13071361270329 0.991210757969127 -0.0203760825558341 12.0968227386475 0.0345607926033571 0.0159842283007024 0.999274765047261 -3.15145683288574
0.990498940828666 -0.134831185816338 -0.0270628813811557 74.2087554931641 0.133780972103415 0.990302683208909 -0.0374599403670079 12.1564655303955 0.0318512122274159 0.0334835326779359 0.998931605926577 -3.23886513710022
0.990323016428471 -0.136674991702801 -0.0240887894061377 75.1286315917969 0.135514620755319 0.98977198820902 -0.0445780093578102 12.2479400634766 0.0299351080431674 0.0408822455327757 0.998715440606904 -3.26833653450012
0.990899456267244 -0.13342148498713 -0.0178037892907696 76.0818328857422 0.132230178592174 0.989602584015748 -0.0565853830846549 12.3627405166626 0.0251683817271378 0.0537162270937223 0.998239009209745 -3.34328031539917
0.991155488916863 -0.13239874022239 -0.00902055305943689 76.9831466674805 0.132134978380095 0.990907674405538 -0.0253441964303536 12.4097452163696 0.012294074933306 0.023928108820647 0.99963808517373 -3.43443942070007
0.991445963235403 -0.129106876406832 -0.0191393952019087 77.8693008422852 0.128733407858695 0.991485299143213 -0.0196115089674436 12.4817543029785 0.0215084096415959 0.0169798718300308 0.999624465620627 -3.36547350883484
0.99136418837751 -0.12954398197927 -0.0203814311458983 78.7343902587891 0.129044684663281 0.991344412496406 -0.0241604050526969 12.5658826828003 0.0233348529619249 0.0213216449907299 0.99950031120162 -3.43897914886475
0.991307479707172 -0.131255512514325 -0.00902613489911093 79.5945739746094 0.130881940559127 0.990817901922563 -0.0339087431977146 12.6408281326294 0.0133939655103397 0.03243263270802 0.999384173390561 -3.39911913871765
0.99095251941811 -0.132787450958269 -0.0195088986594679 80.4084701538086 0.132146784314072 0.990741876798996 -0.0311088564922247 12.713077545166 0.0234591486279917 0.0282493614938287 0.999325593548389 -3.46461772918701
0.989852500673839 -0.138969884678997 -0.029654646550811 81.2174682617188 0.138106889847066 0.989980669164852 -0.0294068301025697 12.8082714080811 0.033444190624348 0.0250129133092728 0.999127539547012 -3.52509260177612
0.989251154128409 -0.14288673856993 -0.031073042922435 82.0266876220703 0.142148206558073 0.989534306341256 -0.0248141884020737 12.9028406143188 0.0342934604251959 0.0201304871917851 0.999209048226389 -3.57026863098145
0.988728382927692 -0.147021800432395 -0.0282979679625148 82.8579254150391 0.146104364425899 0.988746629244049 -0.0321499277485206 12.9761781692505 0.0327062606987515 0.0276530894503292 0.999082382566602 -3.61327648162842
0.988142932745119 -0.150651529132231 -0.0296253478628534 83.6977081298828 0.149783896988402 0.988275214338712 -0.0296122428522464 13.0813817977905 0.0337391266757463 0.0248237284446442 0.999122341776654 -3.65984296798706
0.987566759822591 -0.154623776302109 -0.0283440063432158 84.5874557495117 0.153926842309332 0.987757669817806 -0.0253241570990266 13.1845798492432 0.0319127264611953 0.0206463923767171 0.999277391104011 -3.68291234970093
0.986828079693771 -0.158743786366054 -0.0311568839596128 85.4998245239258 0.157820127132811 0.987006986564914 -0.0301664705232701 13.2950429916382 0.035540801899894 0.024851936790049 0.999059173742024 -3.69874787330627
0.98543002508819 -0.166739635824966 -0.0335493591540533 86.430061340332 0.165582344546151 0.985583377806888 -0.0347547488174651 13.4062528610229 0.0388606848793206 0.0286931914523793 0.998832592547413 -3.75038647651672
0.98350218895355 -0.17715660666698 -0.0365920898257614 87.4285659790039 0.175698168215042 0.983637102496758 -0.0398522807084041 13.5382089614868 0.0430534320287539 0.0327656421579602 0.99853533472007 -3.7814998626709
0.982281507194461 -0.183980085615257 -0.0356983013710893 87.9317169189453 0.182725084838145 0.982514460550558 -0.0357334322440216 13.6262998580933 0.0416483372377691 0.0285773145352787 0.998723561902532 -3.797208070755
0.980423413249974 -0.193769289568747 -0.0349770377718493 88.4572525024414 0.19261389572093 0.980690128570672 -0.0338638287741499 13.7127380371094 0.0408634057131408 0.0264638270864507 0.998814220928728 -3.81472730636597
0.978608718405564 -0.203336428408518 -0.0312933402289908 88.9838562011719 0.202098085471674 0.978601267028762 -0.0386771769702185 13.7992916107178 0.0384881814237009 0.0315254984380779 0.998761634645087 -3.83605718612671
0.975901583915449 -0.215751541293162 -0.032670643411839 89.5066299438477 0.214405188744099 0.975913311484507 -0.0402942118293716 13.9019403457642 0.0405772541077574 0.0323184296798019 0.998653596374692 -3.88102030754089
0.972925718802095 -0.228298798455927 -0.0359889471505681 90.0414047241211 0.226660428177294 0.972957140239471 -0.0444910502856088 14.0001668930054 0.0451729564220929 0.0351292169085883 0.9983613284415 -3.88247680664062
0.970345841432436 -0.239525727707097 -0.0325019042697987 90.5988922119141 0.237732604768347 0.969993955178442 -0.0509405098849586 14.111421585083 0.0437282133734585 0.0417031495653268 0.998172675778844 -3.9094717502594
0.966733046714476 -0.253640761697413 -0.0330693271129297 91.1413421630859 0.251908976877897 0.966512820666199 -0.048937049933551 14.2379016876221 0.0443743592458212 0.0389786030204217 0.998254268584963 -3.91717433929443
0.963480171036331 -0.266093409102373 -0.0300042938940346 91.6940155029297 0.264008090545506 0.962667604631673 -0.0597562642677157 14.3601732254028 0.0447849098058538 0.0496525993780206 0.997761961205521 -3.92469716072083
0.959680128438716 -0.279912867557622 -0.0257456337175415 92.2482528686523 0.277973566891093 0.958646631665657 -0.0610518771696118 14.5019226074219 0.0417701710517407 0.0514336676872212 0.997802500817947 -3.94580864906311
0.955788614450295 -0.293407572617486 -0.0194966873570853 92.8060684204102 0.29170583198145 0.954431251768774 -0.0629975653108983 14.6508903503418 0.0370922104382496 0.0545250582558646 0.997823223796179 -3.96303081512451
0.951010940890466 -0.307802699551989 -0.0289082765854107 93.3341445922852 0.305589321699022 0.950081989610448 -0.0629236003529951 14.807767868042 0.0468332869886585 0.0510069717426942 0.997599585035739 -4.00564002990723
0.947415605625039 -0.31876150230065 -0.0281917517932533 93.8724822998047 0.316700947586488 0.946614117062084 -0.0601849082128682 14.9542407989502 0.0458713419899645 0.0480917667569356 0.997789056842295 -3.988694190979
0.942670359874541 -0.332600501666537 -0.027376977648575 94.3917007446289 0.330152886687899 0.941407158027048 -0.0689320986702402 15.1143474578857 0.0486997333221642 0.0559416580609156 0.997245640184877 -3.99342918395996
0.937210007447096 -0.347924066040005 -0.0242125217853154 94.8894500732422 0.345464411852179 0.935628508514987 -0.0724819577388011 15.2848072052002 0.0478721430964047 0.0595662515541398 0.997075784276775 -4.02867984771729
0.930151140482287 -0.365997298401805 -0.0294080502937705 95.3697738647461 0.36299937641446 0.92866157165572 -0.0762832750518838 15.4672355651855 0.0552295987873747 0.06027987137103 0.996652411086873 -4.04843521118164
0.923129092157534 -0.38304073515506 -0.033353776761827 95.8405380249023 0.380156656629351 0.922271468438481 -0.0699732443489736 15.6685762405396 0.0575638396287149 0.0519146772714475 0.996991108611808 -4.02352666854858
0.91620829281182 -0.399220376218139 -0.0344304428536514 96.3082656860352 0.396293364509413 0.915487380836899 -0.0695300278599377 15.8653907775879 0.0592784398298459 0.0500594320846892 0.99698551635954 -4.01013422012329
0.901011739330358 -0.432145075695837 -0.0377952264277047 97.2283477783203 0.428938343764174 0.900537418093399 -0.0710229249082365 16.2721347808838 0.0647282228840703 0.0477806672778079 0.99675837844322 -4.04292392730713
0.893302271723902 -0.44822366458719 -0.0332655653333163 97.7026214599609 0.444964405404222 0.892386605525693 -0.0751852658544091 16.4847526550293 0.0633855603129167 0.0523611762889347 0.996614558373224 -4.05081272125244
0.884260743444246 -0.465798131259268 -0.0333921924827235 98.1486968994141 0.463134309983158 0.883882185499118 -0.065260195170768 16.7330799102783 0.0599128410263958 0.042241958674709 0.997309414578781 -4.05691242218018
0.865086430435344 -0.500694529140708 -0.0305033828484437 99.0257720947266 0.498341184969425 0.864780870968778 -0.0617260769023145 17.2285423278809 0.0572846509974787 0.0381972995779313 0.997626901734837 -4.08713960647583
0.843161943351068 -0.536715853316702 -0.0318438390112522 99.8660888671875 0.533266762153675 0.842360464738348 -0.0778165010003063 17.7162704467773 0.0685893407650709 0.0486306512841252 0.996459011745639 -4.06579113006592
0.830801350733168 -0.555573663109949 -0.0332719172657148 100.288818359375 0.552010412931048 0.830158461826353 -0.0782395825257046 17.9932422637939 0.0710888151233184 0.0466351060542996 0.996379218594841 -4.06961345672607
0.807157866208138 -0.589163103057708 -0.0371889367115747 101.092140197754 0.585355860432763 0.806924606186011 -0.0789379287071157 18.5568828582764 0.0765159831364963 0.0419466080507422 0.996185618445525 -4.05284357070923
0.794854609837335 -0.605747581946625 -0.0357213687609298 101.496063232422 0.601700406221474 0.794423762160626 -0.08274966626803 18.8528594970703 0.0785033144093343 0.0442803916014061 0.995929955642652 -4.0697979927063
0.770015582609565 -0.637056607458395 -0.035140879784832 102.267021179199 0.632658841629196 0.769508599079061 -0.0871739987139816 19.4602699279785 0.0825759810529434 0.0448931491096494 0.995573107569787 -4.07238864898682
0.747410542876676 -0.663155016260358 -0.0400362936036387 103.002151489258 0.658793986275873 0.747585043907241 -0.0843035335733484 20.0770893096924 0.0858368454891989 0.036633680335626 0.995635480194198 -4.05711460113525
0.727676509035326 -0.684883434505086 -0.037703837187733 103.708847045898 0.680215888121952 0.727608151212411 -0.0888410031219831 20.6925621032715 0.088279350612841 0.0390007619127419 0.995331953081785 -4.03228521347046
0.707330140049967 -0.705812335330363 -0.0388975612653736 104.378761291504 0.701295045707703 0.707580591478399 -0.0866889002635849 21.3198833465576 0.088709254549482 0.0340390049587008 0.995475772833622 -4.02560901641846
0.688859772891001 -0.723830052400067 -0.0392717269173944 105.018905639648 0.719315047438302 0.689262515181893 -0.086620134460557 21.9516410827637 0.0897667857361055 0.0314203820417177 0.995467068149901 -3.99879169464111
0.67467588410424 -0.737168789779549 -0.0373447022095244 105.612617492676 0.73288433752571 0.67504977583102 -0.084784125636765 22.5631694793701 0.0877097441431869 0.0298324575830671 0.995699264465376 -3.97529053688049
0.663937636440658 -0.747014013800392 -0.0340129108342827 106.110046386719 0.742718767205732 0.664041538366076 -0.0861258855676547 23.089656829834 0.0869232291047123 0.0319201896962303 0.995703496896424 -3.94861197471619
0.654281902858503 -0.755446055872145 -0.0348776183114151 106.515266418457 0.750870196089322 0.654427246914429 -0.0889883538491684 23.5196685791016 0.0900507646643807 0.0320349053880589 0.995421832501246 -3.94728684425354
0.647277047306195 -0.761355852559506 -0.0370093205012098 106.896286010742 0.756686957786398 0.647648912439495 -0.0893069657524279 23.942253112793 0.0919634272226756 0.0298018789563048 0.995316319601027 -3.93281555175781
0.641003556877866 -0.766528637894723 -0.0393482827730166 107.258186340332 0.761887478430033 0.641657097081643 -0.0883382135674268 24.3628330230713 0.0929618754191743 0.0266461451624716 0.995313052595278 -3.92512440681458
0.635971650089667 -0.770668196977653 -0.0401321622821325 107.62190246582 0.766117940310094 0.636757416027332 -0.0871968730472304 24.7730941772461 0.0927543088877586 0.0247087697267285 0.995382396308748 -3.91826367378235
0.632381336033578 -0.773513805803897 -0.0420741971659438 107.99047088623 0.768834811967465 0.633348477919286 -0.0881063983163334 25.1904163360596 0.0947991442120676 0.023368734413629 0.995222098080908 -3.91199612617493
0.631639273354084 -0.77400907476917 -0.0440656389003786 108.383003234863 0.769417679301576 0.63283019107729 -0.0867316784067827 25.6390399932861 0.0950171728420806 0.0208782527059697 0.99525666811584 -3.90069222450256
0.637958063037306 -0.76882724728466 -0.0437512701344839 108.801292419434 0.764210258932499 0.639076270705942 -0.0869724115044971 26.1038131713867 0.0948271582829054 0.0220495817029928 0.995249529514439 -3.88403654098511
0.647330155018765 -0.760813359107298 -0.0461161902942025 109.243392944336 0.756217902018452 0.648636309692504 -0.0860547640476798 26.5694007873535 0.09538424959181 0.0208319550777223 0.99522252515578 -3.86273407936096
0.657677212708731 -0.751920084586387 -0.0455726922539557 109.711639404297 0.747211027204027 0.658842753819027 -0.0871889130845402 27.0372753143311 0.0955843329650659 0.023289743145013 0.995148844724176 -3.8578999042511
0.667579197073311 -0.743167707785978 -0.0451638543427083 110.191856384277 0.738354012539531 0.668617050520041 -0.0882303344698101 27.5118827819824 0.0957672585058573 0.0255538227671759 0.995075692769277 -3.8436119556427
0.674639768842707 -0.736395620607918 -0.0508199984783355 110.676849365234 0.731511952619555 0.676199535715798 -0.0874325515609899 27.995849609375 0.098749407444217 0.0218100400554243 0.994873296798239 -3.83108234405518
0.674369888546766 -0.736429506518151 -0.0538222570211893 111.153373718262 0.731423644286559 0.676218851962692 -0.0880199797138551 28.4709072113037 0.101216135077321 0.019991152535355 0.994663585248961 -3.82590699195862
0.667073857507736 -0.74322047482346 -0.0513399886340085 111.647163391113 0.737885094480321 0.668635710904909 -0.0919340711948201 28.9694328308105 0.102655033844018 0.0234438031444955 0.994440713225583 -3.80443429946899
0.651841017902739 -0.756837553022373 -0.0479604599084337 112.150192260742 0.750992309738991 0.653011327744231 -0.0979119836925554 29.4870891571045 0.10542218975347 0.0278051105522527 0.994038750620297 -3.79406571388245
0.634342823781021 -0.771591232428661 -0.0474989679544754 112.648727416992 0.765965169819007 0.635640756309983 -0.0962194758965808 30.0615749359131 0.104434383905209 0.0246535789874896 0.994226161646055 -3.76098799705505
0.616544254995739 -0.78592628703452 -0.0468300435605503 113.157531738281 0.780440258909585 0.61792065280348 -0.0953261197786897 30.6758327484131 0.103856554462824 0.0222247201794438 0.994343943466272 -3.72225332260132
0.598443820683027 -0.799764496562443 -0.0473470540215896 113.671699523926 0.794399181099889 0.600017084311578 -0.0943898278526756 31.3224182128906 0.103898674457988 0.0188745482715254 0.994408777552481 -3.69849252700806
0.581993530903017 -0.81197425774113 -0.0445121865648054 114.214088439941 0.806273943051399 0.583301703195388 -0.0983943687703113 32.024715423584 0.105857728784382 0.0213758699261619 0.994151504269602 -3.68319535255432
0.570959419657022 -0.820086875655968 -0.0382473199289917 114.783622741699 0.814624224084976 0.571710253525805 -0.0976460933545751 32.767219543457 0.101944664592451 0.0245947634730188 0.994485989328577 -3.63143301010132
0.568141139026316 -0.821501462030065 -0.0484870501097678 115.307228088379 0.814610809739627 0.569777131604133 -0.108458512604203 33.4893074035645 0.116725639005448 0.0221216677362479 0.992917799727317 -3.5795476436615
0.568813456448742 -0.821021766979016 -0.0487289432420695 115.887496948242 0.814439414192478 0.570529854229575 -0.105755028450628 34.2427101135254 0.11462849721011 0.0204681112815471 0.993197545329185 -3.57722187042236
0.580380742239667 -0.813472851967413 -0.0376843886687425 116.496917724609 0.807947644201802 0.580993507011944 -0.0983216610860485 35.0076026916504 0.101876387186095 0.0266169855912622 0.994440917205212 -3.54915022850037
0.5854023706063 -0.809883719940154 -0.0373152068789989 116.815116882324 0.806318477542489 0.586392564924851 -0.0774226877240545 35.3996162414551 0.0845847342141998 0.0152354841325154 0.996299805661509 -3.54192662239075
0.591324123914921 -0.806349212184997 -0.0116930956074951 117.148704528809 0.804474642633387 0.590835547138397 -0.0611056920225521 35.7947731018066 0.0561812231633999 0.0267264708913329 0.998062806599644 -3.54286098480225
0.597335131640567 -0.801700234194428 0.0216211701937426 117.496925354004 0.801757586339976 0.596292279528351 -0.0402528274929646 36.1851005554199 0.0193781643672004 0.0413793652377959 0.998955572024239 -3.57609748840332
0.608311067605005 -0.793601669308825 0.0124111038793834 118.117553710938 0.793256284980662 0.607375608082557 -0.0428874928740666 36.9308471679688 0.0264973841716133 0.0359341227329942 0.99900281654031 -3.55233120918274
0.613452329880989 -0.789620840594837 0.013235069394962 118.458068847656 0.789132160613871 0.612247557751897 -0.0492276458072335 37.3007545471191 0.0307680361490703 0.0406430329225244 0.998699890771191 -3.55676817893982
0.618048172326593 -0.785982502430342 0.0157468268897652 118.793846130371 0.785386540353196 0.616454858700362 -0.0561372373452326 37.6708526611328 0.0344156783428227 0.0470628628331785 0.99829887710352 -3.57909655570984
0.624284518690013 -0.780952236177728 -0.0195561891222576 119.448631286621 0.776440257307852 0.623047102150733 -0.0946194236575707 38.4168434143066 0.0860776774529619 0.0438852288427462 0.995321415490355 -3.6908278465271
0.627760390394903 -0.778404463110584 -0.00183958168158457 119.831504821777 0.77563700515121 0.625724204382488 -0.0828037214741266 38.8309020996094 0.065605857141732 0.0505540488925132 0.996564177386119 -3.65846395492554
0.629930363319029 -0.776651420852557 0.000554848141694416 120.188613891602 0.773560860847018 0.627359663863122 -0.0895736943704521 39.2217712402344 0.0692194476601559 0.0568543986447351 0.995980042681764 -3.65746307373047
0.63190878582892 -0.775042705790697 -0.000300986470052154 120.549896240234 0.772060797372421 0.629511511112793 -0.0873921194224559 39.6249122619629 0.0679220991495509 0.0549914682211933 0.996173944083058 -3.64596009254456
