1 1.23737819628545e-31 -1.33571913937485e-33 -6.94658215413875e-27 -1.23737819628545e-31 1 2.08412088795962e-32 4.77524435477856e-26 1.33571913937485e-33 -2.08412088795962e-32 1 -4.50746236421599e-26
0.999618712822309 -0.0275580460333727 -0.00172715786578942 0.515023410320282 0.0275572509337025 0.999620110411143 -0.00048247548346399 0.000105114246252924 0.00173979781808117 0.000434695799038917 0.999998392070265 -0.00903806462883949
0.998268481087807 -0.0585644081234515 -0.0054999788902399 1.18930518627167 0.0585565561124826 0.998282845320585 -0.00157812384873921 0.0311585050076246 0.00558295646489875 0.00125333147494553 0.99998362974467 -0.0528702102601528
0.996286283990973 -0.0855269971221678 -0.00993846541081764 1.86745607852936 0.0855054960015447 0.996334385961687 -0.00256933919096212 0.0905798077583313 0.0101217826980797 0.00171000398042987 0.999947311312651 -0.0934235081076622
0.994571172456213 -0.103211896234138 -0.0132471655393843 2.39487075805664 0.103185126380176 0.994658529931213 -0.00269045144639788 0.142974212765694 0.013454092796668 0.00130893499911997 0.999908632864117 -0.130000233650208
0.993045776434395 -0.116635191048445 -0.0160099380043352 2.94929695129395 0.116598967914993 0.993173984278375 -0.00318082281434136 0.199827253818512 0.0162716497924574 0.00129196041367934 0.999866773250977 -0.164073288440704
0.991639147808774 -0.127750863636361 -0.0182076185497375 3.52576375007629 0.127689650040327 0.991804006850909 -0.00449057535962601 0.242544040083885 0.018632063913259 0.00212810588210687 0.999824143217039 -0.179925784468651
0.990916095772454 -0.133157520173952 -0.0188246104926719 4.10972738265991 0.133089811090001 0.991092306617061 -0.00481060791393798 0.31416580080986 0.0192974952546991 0.00226154495805894 0.999811228228258 -0.225459158420563
0.990474978732792 -0.136292436267445 -0.0195879636654677 4.71166610717773 0.136204710127893 0.990664019729761 -0.00575125654523383 0.390258491039276 0.0201889435893017 0.00302850279127658 0.999791595647609 -0.254570841789246
0.990600843729771 -0.135332073786468 -0.019879592715136 5.3451828956604 0.135209062413123 0.990789360455191 -0.0074130054740005 0.454477280378342 0.0206997063561262 0.00465542838495002 0.999774899236484 -0.29268553853035
0.990562608264565 -0.135564611636106 -0.0201979003872873 6.02009153366089 0.135435337739455 0.990756709746744 -0.00764273401377602 0.540699422359467 0.0210472895999169 0.00483509707837816 0.999766789524807 -0.357339590787888
0.990466563099106 -0.136191509159179 -0.0206847822224412 6.75601625442505 0.136160122790721 0.990682525510906 -0.00292482631092231 0.613973617553711 0.0208903888010842 8.05001765341386e-05 0.999781768775297 -0.396462827920914
0.990536206566557 -0.135303180576725 -0.0230450169571816 7.55246162414551 0.135275536617062 0.99080417003041 -0.00276149295072251 0.683188378810883 0.02320673767897 -0.000382068283363066 0.99973061439076 -0.437445342540741
0.990650568003595 -0.134503636987748 -0.0228084140444611 8.39720726013184 0.134761914482344 0.990825657872199 0.0101853869429193 0.750805258750916 0.0212291902626746 -0.0131638649032769 0.999687968388937 -0.473673045635223
0.990756628036656 -0.133344147506825 -0.024912694095858 9.26796340942383 0.133724664078175 0.990915607868501 0.0142818871224824 0.839945197105408 0.022781971350503 -0.0174813159767217 0.999587607652829 -0.544013917446136
0.990850244999467 -0.132920443985452 -0.0234082796293823 10.1922302246094 0.133271145784491 0.990979123566454 0.0141130562513019 0.924603283405304 0.0213212027284091 -0.0171035734913453 0.999626367243302 -0.572032332420349
0.991022443825643 -0.13169456177893 -0.0230447007293521 11.1121158599854 0.131957477762976 0.991202070964237 0.0102800086888322 1.00117218494415 0.0214881338483255 -0.0132286399174033 0.999681580899464 -0.579923570156097
0.991158403892025 -0.130929416623107 -0.0215059586381506 12.0472297668457 0.131156375347675 0.991316178478814 0.00949944692179476 1.09662389755249 0.0200754476879821 -0.01223610023222 0.999723588924076 -0.621506929397583
0.991223880141858 -0.130559053736135 -0.0207256585913174 12.9935932159424 0.130817869985945 0.991337845693206 0.0116602139214491 1.17370212078094 0.0190237832425442 -0.014269168997475 0.999717203256632 -0.719197988510132
0.991529781903191 -0.128446744192979 -0.0192386461382996 13.9399881362915 0.128702449483369 0.991601973697796 0.0126966631685535 1.26021468639374 0.0174462344358957 -0.0150651805451571 0.999734299321149 -0.768405318260193
0.991807488654465 -0.125933151544099 -0.0214183750806129 14.8914556503296 0.126261329834162 0.991887720788602 0.0147250106044496 1.33710026741028 0.0193902562497659 -0.0173086883085746 0.99966215656671 -0.829566597938538
0.992552661339057 -0.120139878939767 -0.0201401081698615 15.8695707321167 0.12058679314875 0.992443800950421 0.0226743748134896 1.41894710063934 0.0172638288585224 -0.0249341421232009 0.999540018593415 -0.884783029556274
0.993442250358385 -0.11225452361513 -0.0217121424739291 16.8420925140381 0.11266463461231 0.993457341088046 0.0186866675986935 1.47413396835327 0.0194724243622288 -0.0210103157094209 0.999589611452244 -0.9219850897789
0.994265447329098 -0.104859019267775 -0.0209953882000159 17.8333549499512 0.105223617988763 0.994301822065107 0.0170844038632535 1.52803361415863 0.0190842989083647 -0.019195643156933 0.99963359128181 -0.992620348930359
0.99461403974057 -0.101606763055888 -0.0204689436036504 18.3319053649902 0.102057806527454 0.994527440186429 0.0223466964679995 1.5634685754776 0.0180863505923529 -0.0243153535350161 0.999540718282511 -1.02311360836029
0.994985038786041 -0.0977386870769496 -0.0212584486831575 19.3354530334473 0.0982011274952444 0.994925160959398 0.02191945821821 1.62321722507477 0.0190081864101517 -0.0238971366149006 0.999533699137256 -1.06374704837799
0.995188542203455 -0.0960594528329484 -0.0192962946805217 19.8646392822266 0.096330744877241 0.995255676776001 0.0136574315499026 1.62799096107483 0.0178928214197447 -0.0154505458343365 0.999720524734319 -1.09177422523499
0.995370780219229 -0.0939792465054565 -0.0201224032369125 20.3883190155029 0.0942453387674549 0.995467878926672 0.0127089789456386 1.64864468574524 0.0188368258039917 -0.0145465889987882 0.99971674525444 -1.11779403686523
0.99547065372905 -0.092322528214538 -0.0226876254450388 20.9252281188965 0.0926353424147593 0.995613331985333 0.0131448282135685 1.67984795570374 0.0213745385905478 -0.0151869666865961 0.999656183466546 -1.14266872406006
0.995666398224523 -0.0901627836410594 -0.0227836760137874 21.478443145752 0.0904474215740118 0.995831493733815 0.0117855851994213 1.70330131053925 0.0216260809491385 -0.0137952359159008 0.999670947906763 -1.16868424415588
0.995784101221234 -0.0892223783219065 -0.0212929791622103 22.0266551971436 0.089506494961972 0.995904193879089 0.0127837386418839 1.72836911678314 0.0200651716823507 -0.0146357036258633 0.999691544960111 -1.2161580324173
0.995858285532357 -0.0880384818956307 -0.0227046436234188 22.5650424957275 0.0883454389854721 0.996006506562169 0.0128888438693672 1.74816823005676 0.0214792585304515 -0.0148413136661619 0.999659130334758 -1.24374556541443
0.995889936371274 -0.088265074077818 -0.0203103749954714 23.1127529144287 0.0885080540078595 0.996010326243262 0.0113909785590336 1.76696634292603 0.0192239176590305 -0.0131417926793816 0.999728830371022 -1.26336658000946
0.995975055247506 -0.0877252887602139 -0.0183837710131814 23.6340160369873 0.0878080555494555 0.9961303812648 0.00374284675973311 1.77670443058014 0.0179842905156623 -0.00534202519464203 0.999823998542477 -1.30294013023376
0.995814617416686 -0.0891903671139664 -0.0199581099640077 24.6369552612305 0.0892452608064239 0.996007915325047 0.00187510891620081 1.81574690341949 0.0197111938464647 -0.00364842759694228 0.999799058717909 -1.36528015136719
0.995773906342702 -0.089880914922299 -0.0188612984634083 25.1402893066406 0.0900179385106229 0.995918642170285 0.0065443811008367 1.85539400577545 0.0181961037943027 -0.00821457913868511 0.999800691386179 -1.378054022789
0.995686937181435 -0.0908341580236383 -0.0188859435133382 26.134449005127 0.090999219639599 0.99581826016667 0.00807060986609547 1.90707397460938 0.0180738803591344 -0.0097544069406302 0.999789070951468 -1.46646785736084
0.995721007740184 -0.090536746425566 -0.0185141106063848 26.6511840820312 0.0906930540174958 0.99584847876712 0.00778314140900525 1.92415428161621 0.0177325885829531 -0.00942893864046981 0.999798304868668 -1.47429168224335
0.995692220976641 -0.091090142692673 -0.0173085814217049 27.168737411499 0.0912122337213246 0.995810918130722 0.00639873043773225 1.94586908817291 0.0166532130884633 -0.00794992049499759 0.99982972013136 -1.48404181003571
0.995575446608573 -0.0922215266188263 -0.0180199927367858 27.6935939788818 0.0924158401729668 0.995667597506307 0.0102639057450693 1.98696029186249 0.0169953698184346 -0.0118838253147765 0.999784942925539 -1.51314651966095
0.99537732663249 -0.0937883907402344 -0.0206812811091276 28.2045383453369 0.0940469768991247 0.995496580756018 0.0119047821992432 2.0160551071167 0.0194716142652106 -0.0137947622463391 0.999715239842063 -1.54758548736572
0.994990818526682 -0.0976946995003306 -0.0211900150340336 28.7174797058105 0.0979069510584782 0.995152869503831 0.00921928699648191 2.04574394226074 0.0201866287932192 -0.0112477556797275 0.999732958349445 -1.57356739044189
0.994585801507871 -0.101540711899887 -0.0221035577636205 29.2214374542236 0.101712385320803 0.994790720056478 0.00678335918752286 2.07305026054382 0.0212996270225082 -0.0089948383186522 0.999732673654474 -1.5989545583725
0.993884985967935 -0.108351477985153 -0.0212742070581145 29.7309875488281 0.108483016542921 0.994085086168315 0.00512606861856059 2.10874581336975 0.020592954845454 -0.00740261279325172 0.999760537096042 -1.63725554943085
0.992878412409988 -0.11681120074236 -0.0234008878325102 30.2320537567139 0.116979914127606 0.993116332664174 0.00597071908227141 2.15267658233643 0.0225423570400128 -0.00866563193250845 0.999708331946019 -1.67492461204529
0.989618037110743 -0.141990871606658 -0.0222425943959387 31.2239933013916 0.14202623309347 0.98986289404604 1.02018452509832e-05 2.25122213363647 0.022015670290957 -0.00316912782635328 0.999752602842553 -1.71927559375763
0.985439241148869 -0.168867272360744 -0.0198329606812522 32.211254119873 0.168514927644255 0.985529645510703 -0.0182766785987046 2.35103011131287 0.0226323035723994 0.0146684063548566 0.999636242185134 -1.769007563591
0.979740149351261 -0.198812588358735 -0.0241411362464238 33.1641807556152 0.198406022797067 0.979950345196729 -0.0182310467790973 2.52851510047913 0.0272816763967657 0.0130719416657275 0.99954231249811 -1.79176115989685
0.972283715841514 -0.232056726380869 -0.0285315904010368 34.134105682373 0.231059030335723 0.972331768834849 -0.034389763227013 2.70368051528931 0.0357225476377853 0.0268441251652705 0.999001147413944 -1.83952116966248
0.964489354925383 -0.262574056803439 -0.0285508131128143 35.1100997924805 0.261633980018648 0.964608020754816 -0.03284854327178 2.95004558563232 0.036165518594647 0.0242122074429634 0.999052463224789 -1.87051951885223
0.954109231144511 -0.297076122599389 -0.0377008279238379 36.0598831176758 0.296248028393389 0.954755702774213 -0.0260509825754787 3.23120832443237 0.043734205353021 0.0136866870144136 0.998949445107564 -1.9233785867691
0.943495596938967 -0.329458917479266 -0.0356774473606582 37.0147323608398 0.328069205373153 0.943817938289572 -0.039727771755397 3.510666847229 0.0467616834877676 0.0257783059220597 0.998573394348747 -1.97220027446747
0.932262624843346 -0.359760536640458 -0.0381936460208209 37.9573669433594 0.358274947342939 0.932730097521017 -0.0406648163016782 3.85067391395569 0.0502539593127609 0.0242264618672306 0.998442596306261 -1.9668048620224
0.926574380931305 -0.374642516289111 -0.0332099622151619 38.4265403747559 0.373320398142871 0.926843175351841 -0.0399200279830222 4.03450393676758 0.0457361665667065 0.0245909188986552 0.998650834764335 -2.00227975845337
0.916259847251993 -0.399178186776339 -0.0335360629130523 39.3644218444824 0.397310756933312 0.916262764168257 -0.0510559440596692 4.38992309570312 0.0511082648779268 0.0334562729648709 0.99813256787887 -2.00470209121704
0.91177412930274 -0.409286763709499 -0.03394528224122 39.8302383422852 0.407671680975999 0.911977547715713 -0.045833972036449 4.59044313430786 0.0497165733376154 0.0279516996735365 0.99837215747482 -2.02466511726379
0.90535817557461 -0.423258948760275 -0.0343283587513418 40.7513809204102 0.421088166071922 0.905275193193229 -0.0562279377458196 4.96441793441772 0.0548755894218812 0.0364511575030165 0.997827631809368 -2.02491116523743
0.901031357340408 -0.432283638929796 -0.0356840104656887 41.211051940918 0.430136685578586 0.901090913727297 -0.054932658023916 5.16929244995117 0.0559010269026463 0.0341470454317426 0.997852220761928 -2.06070566177368
0.895773357003225 -0.442984807182594 -0.036804259109133 42.1034507751465 0.440702209541085 0.895864125404255 -0.0566483125898237 5.56878089904785 0.0580659572277774 0.0345243308272369 0.997715598350629 -2.06747961044312
0.891709877766879 -0.450930304223998 -0.0389275561194241 42.988842010498 0.448677720642328 0.892001194491294 -0.0549742851277787 5.97538614273071 0.0595129976743193 0.0315551859217735 0.997728657175516 -2.07097005844116
0.892685786718962 -0.44898347872632 -0.039063051861835 43.8589820861816 0.446939810872196 0.89308944873783 -0.0513423997363269 6.3641881942749 0.0579386886930768 0.028373797489443 0.997916848223616 -2.1066415309906
0.896716220619383 -0.440917311925906 -0.0386256873353 44.7109222412109 0.438676047944656 0.896967027221544 -0.0548951458419037 6.73068618774414 0.0588501880859256 0.0322812038403063 0.997744746536343 -2.12146806716919
0.90072434585779 -0.432655555442832 -0.0387920497461871 45.5781669616699 0.430277613891428 0.90089076206501 -0.0570702182388124 7.08816576004028 0.0596391462292633 0.0347131843883687 0.997616242383144 -2.12380027770996
0.904645938996703 -0.424413181922864 -0.0385898440899016 46.4388313293457 0.422092221376315 0.90480902908945 -0.0562030028718671 7.44450569152832 0.0587697346461661 0.0345553452929824 0.997673316472532 -2.13026165962219
0.908013918654424 -0.417334168796865 -0.0366458058236845 47.2564010620117 0.415059912200285 0.908033411678133 -0.0565737797964878 7.77449035644531 0.0568857874528388 0.0361595745384142 0.997725659866013 -2.16182780265808
0.910896147961318 -0.410790481814757 -0.0389793237451859 48.0559539794922 0.408689502765891 0.911183656112151 -0.0521271058381593 8.09402942657471 0.056930641645784 0.0315519394727805 0.997879440191702 -2.18163585662842
0.914863192718792 -0.401874191860206 -0.0390188739597198 48.8525047302246 0.399758760491325 0.915126465687256 -0.0523114252261511 8.38814258575439 0.05672981595967 0.0322596608081621 0.997868248951596 -2.18495726585388
0.917813649274975 -0.395624572478221 -0.0331557363962631 49.6229362487793 0.393468834080817 0.917577837101045 -0.0568611419868619 8.6691837310791 0.0529186338791511 0.0391421832859757 0.997831402430276 -2.20890617370605
0.920180064944198 -0.389999133126747 -0.0341953833094073 50.3170051574707 0.388090968122071 0.920185860691229 -0.0514138332165133 8.93328094482422 0.0515174586073968 0.0340390649743482 0.998091826193516 -2.22742891311646
0.923266480519879 -0.382827938501789 -0.0319652225223889 50.9340133666992 0.380939393993612 0.923103109964226 -0.052591125469556 9.14407920837402 0.0496405484681148 0.0363788108223065 0.998104402390321 -2.24438953399658
0.926119974132791 -0.375862787397592 -0.032077383964268 51.4664611816406 0.374049657197382 0.926005179240174 -0.0510025682774343 9.32412624359131 0.0488737911645803 0.0352359627381801 0.998183239424062 -2.24299478530884
0.92956170259864 -0.367151712239361 -0.0333865431217732 51.9628105163574 0.365301110542795 0.929499820533226 -0.0508446876763082 9.48630237579346 0.0497004999785451 0.0350671331649165 0.998148363958724 -2.2612681388855
0.933627507612205 -0.356637526111264 -0.0339020943167116 52.440803527832 0.354723664824583 0.933537459081256 -0.0517584206243715 9.63393211364746 0.0501078700728581 0.0362972101042235 0.998084021460824 -2.27094006538391
0.939495242222826 -0.34101045372152 -0.0325662446916423 53.1452484130859 0.339157894417346 0.939315394216062 -0.0515607684496315 9.84042358398438 0.0481727360139058 0.0373959976650841 0.998138731271143 -2.28832006454468
0.943504153370153 -0.329974271004027 -0.0302802418852974 53.6347808837891 0.328189559453965 0.943177030988464 -0.0520451849953393 9.96920299530029 0.0457332006170941 0.0391671889615253 0.9981855567329 -2.30701565742493
0.948170667780811 -0.316252424356361 -0.0309320036340271 54.1582069396973 0.314356153796278 0.947767641951111 -0.0540065314646462 10.1076974868774 0.0463960486518175 0.0414837433117537 0.998061373719243 -2.32121443748474
0.952856471672509 -0.301898454614867 -0.0303622708797018 54.7440757751465 0.300208438384193 0.952558399502529 -0.0500738360833772 10.2572050094604 0.0440390498846407 0.0385981688469212 0.998283899222522 -2.32525062561035
0.957536854070498 -0.287150107226513 -0.025845483485059 55.376838684082 0.285711242121397 0.957093599240786 -0.048383141875721 10.4076509475708 0.0386297711904023 0.0389442962719802 0.998494407879011 -2.36345267295837
0.962274979270141 -0.270928314878137 -0.0249942486973049 56.028751373291 0.269668308221693 0.961917995100455 -0.0446405000282402 10.5511856079102 0.0361367930439222 0.0362162794778091 0.998690399117407 -2.38634157180786
0.967753725693384 -0.250663130674117 -0.02491427958469 56.7077407836914 0.249398967510057 0.967351869900798 -0.045061233941695 10.6770153045654 0.0353960649153452 0.037394581426738 0.998673502135922 -2.40433812141418
0.973031478258557 -0.229223244199921 -0.0258156277559011 57.390510559082 0.228034735819952 0.972738323719854 -0.0421937534027538 10.791090965271 0.0347836395090017 0.0351689903914154 0.998775871022802 -2.42374610900879
0.977847470011539 -0.207409144109359 -0.028209436929069 58.0801696777344 0.206292478522854 0.977751994180409 -0.0380059361301918 10.9036226272583 0.0354646118959418 0.0313446138284964 0.998879260214673 -2.48552250862122
0.982179907685833 -0.185844476128416 -0.0280082064903145 58.8062324523926 0.184652530795484 0.981972292409601 -0.0404210317861448 10.9836311340332 0.0350153082104417 0.0345289390568027 0.99879010836038 -2.50557780265808
0.985547315668169 -0.16662684746936 -0.0305283848522967 59.5392074584961 0.165480874332288 0.985523689729634 -0.0368664781598233 11.0643301010132 0.0362293915141911 0.0312817947712424 0.998853783346893 -2.51574993133545
0.988061712104484 -0.150808573239735 -0.0314774095273341 60.2823905944824 0.149746417691818 0.988148090709218 -0.0337544251350002 11.1437492370605 0.0361947988200442 0.0286378257750543 0.998934337918791 -2.54789853096008
0.989950901685484 -0.138937968594781 -0.0263334983405737 61.0818672180176 0.138299943468983 0.990082808466853 -0.0246811266935833 11.223292350769 0.0295014895992293 0.0207911822930845 0.999348482187411 -2.5773618221283
0.99131648381782 -0.128368181969564 -0.0285173415468853 61.8731689453125 0.12745617815269 0.991334766563546 -0.0317852678627949 11.2717628479004 0.0323504491743571 0.0278745486103125 0.999087812946384 -2.62881922721863
0.992443427159376 -0.117883124616608 -0.0340530882414205 62.6680030822754 0.116816707046022 0.992644978706471 -0.0317774008338433 11.3084144592285 0.0375486463547823 0.0275593029566463 0.998914703054003 -2.63198900222778
0.992985263661831 -0.118100082190576 -0.00571285716809266 63.486930847168 0.117988919556886 0.992870315505787 -0.0169455436395085 11.3906774520874 0.0076733963955136 0.0161526212739243 0.999840093121764 -2.6980459690094
0.993016269014919 -0.116344546770855 -0.0195610814725029 64.2739181518555 0.115549694199629 0.992583168076113 -0.0377746293477298 11.440634727478 0.0238108723498705 0.0352505445159424 0.999094811051117 -2.79703831672668
0.99317518872923 -0.114147048781447 -0.0239477712354077 65.0828704833984 0.113336315922055 0.993013405808633 -0.0328520224271576 11.4954032897949 0.0275304192825601 0.0299136614078639 0.99917328270691 -2.79545021057129
0.993924558231954 -0.109860963978246 0.00667391468225708 65.8801193237305 0.110059188056991 0.992593136210379 -0.0514377397664402 11.5181789398193 -0.000973482229658768 0.0518597584049001 0.998653902906575 -2.76932168006897
0.993850761522902 -0.106986548653538 -0.0285401861863497 66.642578125 0.106102732893888 0.993875842807528 -0.0308710083423605 11.5960483551025 0.0316681842358458 0.0276529833983628 0.999115828428503 -2.8701856136322
0.994043037423826 -0.104942360260109 -0.0294200743073642 67.422607421875 0.104030014550437 0.994091001976581 -0.0309973524971724 11.639744758606 0.032499166479301 0.0277521316701162 0.999086394345312 -2.92177820205688
0.994344174116543 -0.101892062402437 -0.0299611585201113 68.2481994628906 0.10089724013424 0.994348402289448 -0.0330303163429639 11.6801147460938 0.0331573571592031 0.0298205044189489 0.999005168746597 -2.96559882164001
0.994361206609079 -0.10307544441698 -0.0249247577556547 69.0894165039062 0.102471397166268 0.994436424333283 -0.0244092343597178 11.742283821106 0.0273020796594127 0.0217175209790801 0.999391287599004 -2.97305107116699
0.993635696854711 -0.109663144782787 -0.0257312380658694 69.8879699707031 0.108901534236901 0.993619426198251 -0.0293409563972774 11.7781715393066 0.0287846795518398 0.0263520503530043 0.999238215674966 -3.03444457054138
0.992874969714061 -0.11599830333486 -0.0272706461004735 70.6781997680664 0.115586470990266 0.993164863886206 -0.0162271644445384 11.859375 0.0289665710659679 0.012959427662038 0.999496368675421 -3.06118774414062
0.991881674240935 -0.122603605845244 -0.033750557606416 71.5089645385742 0.121971967927045 0.99232826916703 -0.0201852731457948 11.9265470504761 0.0359664196856426 0.0159047805929719 0.999226428097899 -3.11784934997559
0.991636358844331 -0.127144505673495 -0.022172200950743 72.3977127075195 0.126116550073005 0.991089930723193 -0.0428411603108477 11.982985496521 0.0274216632544542 0.0396865707278821 0.998835836605906 -3.15937376022339
0.990851071768002 -0.131498298108458 -0.0303702349477444 73.2811126708984 0.130954329610751 0.991201231312877 -0.0192635043549882 12.095853805542 0.0326361323137514 0.0151101501784448 0.999353073857875 -3.1799156665802
0.990515396535169 -0.134961395530064 -0.0257812129923226 74.2076187133789 0.134040276009576 0.990370574750068 -0.0346313308507889 12.1550216674805 0.0302068474696462 0.0308471455048572 0.999067565272814 -3.25309634208679
0.990338304191933 -0.136792550011301 -0.0227561312979946 75.1262588500977 0.13574533450107 0.989830770571688 -0.0425235204404804 12.2476615905762 0.0283416197744355 0.0390236324662998 0.998836277223498 -3.29507040977478
0.990902785453271 -0.133629731637261 -0.0159613471706505 76.0846633911133 0.132555072914746 0.989602167524917 -0.055827436575159 12.3624725341797 0.0232555891242281 0.0532038048690177 0.99831284311179 -3.36954975128174
0.991136307268488 -0.132559749625437 -0.00875974847965745 76.9889221191406 0.132349317904198 0.990973322047515 -0.0213432200102438 12.4049959182739 0.0115099289519453 0.0199946935298769 0.999733831460238 -3.43376541137695
0.99147512625825 -0.129159835875178 -0.01717005555857 77.8680725097656 0.128860341752058 0.991507642745412 -0.0175387200496306 12.4800491333008 0.0192895395157565 0.0151766654484364 0.999698745868542 -3.38359570503235
0.99136637315105 -0.12965411854529 -0.0195582138647167 78.7346038818359 0.129221220722582 0.991372137434542 -0.0219809288573761 12.5650539398193 0.022239386239276 0.0192638174490762 0.999567063801619 -3.4640965461731
0.991287218400481 -0.131481987080818 -0.00788274756136295 79.5974426269531 0.131163501127366 0.990830225658651 -0.0324283809839187 12.6396579742432 0.0120742125146149 0.0311119108141283 0.999442976060988 -3.42629337310791
0.990981202930326 -0.132923349994824 -0.0169599075739479 80.4031524658203 0.13239138752578 0.990762359101473 -0.0293678105531045 12.7129774093628 0.0207069057988396 0.0268576025333215 0.999424781180855 -3.48193740844727
0.989899251939441 -0.139043854794737 -0.0276817169546098 81.2128601074219 0.138316503809689 0.990029120760163 -0.0266624233842618 12.8070011138916 0.0311129520232211 0.0225642746543624 0.999261145910179 -3.54677104949951
0.989257095074949 -0.142965257555866 -0.030517781306285 82.0263671875 0.142371619539339 0.989594230786411 -0.0208225921536679 12.9013996124268 0.0331771275673309 0.0162540310765448 0.999317309306781 -3.59876036643982
0.988746957838636 -0.14705800476769 -0.0274480709447547 82.8569030761719 0.146257348358085 0.98881529864859 -0.029207759410161 12.9745416641235 0.0314363072911583 0.0248646011881551 0.999196432235249 -3.64461374282837
0.988178265475098 -0.15059821929571 -0.0287035187318021 83.6950836181641 0.149810748218816 0.988321971822617 -0.0278643092642433 13.0806016921997 0.032564633588362 0.0232348091796776 0.999199523759714 -3.69748497009277
0.987610702479985 -0.154624275812708 -0.026766278717575 84.583381652832 0.154011308721817 0.987786433193549 -0.0236321641954479 13.1846933364868 0.0300934732589059 0.019217068667282 0.999362340264557 -3.71916580200195
0.986888252837211 -0.158628889859404 -0.0298069071506939 85.4947128295898 0.15780203000518 0.987064704399888 -0.028315872831438 13.2929639816284 0.0339130614684256 0.0232410118096231 0.999154522399766 -3.73305058479309
0.985466719760333 -0.166695346328961 -0.0326803573584621 86.4269866943359 0.165672810424759 0.985666254966086 -0.031852059699376 13.4022436141968 0.0375215155713469 0.0259748981402925 0.998958177570928 -3.78223705291748
0.984717384402639 -0.171001473051286 -0.0330177084231522 86.9242630004883 0.169734647643548 0.984757337795134 -0.03798861734733 13.4619169235229 0.0390105401724544 0.0318038028061343 0.998732544719817 -3.80064868927002
0.983549802208076 -0.177275128352236 -0.0346888374575055 87.4213256835938 0.175964183082865 0.983670975466709 -0.0377891293410372 13.5390958786011 0.0408214753338821 0.0310634977436883 0.998683466499518 -3.82825493812561
0.982345067438422 -0.183991251977218 -0.0338435765730809 87.9278717041016 0.18286545891195 0.982555941734557 -0.0338237386910307 13.6245098114014 0.0394764792797421 0.027037761704202 0.998854627573854 -3.84062719345093
0.98046547750119 -0.193811911846659 -0.0335319288843749 88.4535598754883 0.192782083084106 0.980731113473471 -0.0316472985709593 13.7099466323853 0.0390194293925059 0.0245647286048405 0.998936463564352 -3.85580539703369
0.978641836804215 -0.203370985259694 -0.0300066261178012 88.9816436767578 0.202257388599086 0.978655317333386 -0.0364104190056636 13.7975196838379 0.0367709669923211 0.0295636974952581 0.998886321748806 -3.87838339805603
0.963468030241308 -0.266323787228312 -0.028301856110575 91.6929016113281 0.264458600284424 0.962734883072114 -0.0565967636153025 14.3550882339478 0.0423202485642311 0.0470445031060146 0.997995897430931 -3.96626138687134
0.959633575194971 -0.280044879347031 -0.0260435579371471 92.2479248046875 0.278196680666782 0.958740897110535 -0.0585021287960657 14.495659828186 0.0413522457008493 0.0488953756422179 0.997947510651889 -4.00148439407349
0.955728484969961 -0.293539178615934 -0.0204404900749787 92.8058929443359 0.291941071000351 0.954623670601506 -0.0588562536224994 14.6413021087646 0.0367895920090294 0.0502831795413779 0.998057176606139 -4.00802707672119
0.95097649754276 -0.307990987686605 -0.0280223593784434 93.3352279663086 0.305967488849292 0.950165055506961 -0.0597516783087458 14.8004961013794 0.0450288450724975 0.0482485108296981 0.997819865664216 -4.04033422470093
0.947384314605017 -0.318890588202494 -0.0277804462931895 93.8808898925781 0.316998759905381 0.946718904009064 -0.0568779659475157 14.9466743469238 0.0444381216843358 0.0450789257607555 0.997994561003929 -4.02567148208618
0.942565541453921 -0.33289346157536 -0.0274252311576653 94.3984680175781 0.330672515705889 0.94156244474155 -0.0641548907648916 15.104850769043 0.0471793113601273 0.0514014191700065 0.997563033941662 -4.02851676940918
0.937012757192468 -0.348400184341051 -0.0249880853546193 94.9024658203125 0.346155963499762 0.935781951065719 -0.066993947436969 15.2723808288574 0.046724102903317 0.0541244086411791 0.997440427593108 -4.06506156921387
0.929958283163547 -0.366563672188646 -0.0284370499011845 95.3826217651367 0.363879297443767 0.928696360230313 -0.071518720533847 15.4609775543213 0.0526255495680383 0.0561617728222936 0.997033804244429 -4.09638452529907
0.922946324284411 -0.383594424794431 -0.0320218637265851 95.8549346923828 0.380974076966252 0.922191984489474 -0.0664883179444159 15.6629295349121 0.0550348541345085 0.0491656486786771 0.997273234284566 -4.066565990448
0.915983216147699 -0.399787223279796 -0.0338367232152969 96.3273162841797 0.397159086085379 0.915453278916977 -0.0648841618577434 15.8554124832153 0.0569157981191939 0.0459942411871923 0.997318966881744 -4.04917812347412
0.900680903109685 -0.43288765350441 -0.0371778188839515 97.2424926757812 0.430018363836843 0.900392852150393 -0.0661582841340778 16.2653408050537 0.0621137467603308 0.0436003582545691 0.997116287713458 -4.08324003219604
0.893034171319128 -0.448748090358091 -0.0333934163619786 97.7192687988281 0.445799285086924 0.892383091689742 -0.0701100212683309 16.4776020050049 0.061261458294314 0.0477238836037503 0.996980172652109 -4.09787178039551
0.883999612534261 -0.466308565557316 -0.0331814214155374 98.1658935546875 0.463826120766446 0.883729853749283 -0.0623448096237472 16.7295246124268 0.0583953314403397 0.0397223775742293 0.997502941341941 -4.10316228866577
0.864789009111117 -0.501201765261677 -0.0306065388306267 99.0425567626953 0.499092529371386 0.864650394058808 -0.0573266358651888 17.2226085662842 0.0551961669528236 0.0342999497452494 0.997886214255508 -4.1391167640686
0.842736930797282 -0.537362927310518 -0.0321799599541043 99.8879318237305 0.534239929519862 0.84219614406492 -0.0727554302357828 17.7114162445068 0.0661979091587466 0.0441218684379067 0.996830525991534 -4.11727380752563
0.830400019661586 -0.556183848751474 -0.0330958265350136 100.309448242188 0.552955035205205 0.82995695164565 -0.0735675706834903 17.9884643554688 0.0683852059092328 0.0427900082152116 0.996740928631755 -4.12079381942749
0.806727710547779 -0.589764469531663 -0.036990154262664 101.11678314209 0.586394911801551 0.806710249848512 -0.0732091538170062 18.5536994934082 0.0730164943529172 0.0373690148035529 0.996630397030425 -4.1018967628479
0.781712514406417 -0.622562319819574 -0.0366292609981048 101.905555725098 0.618846021079405 0.781633445092041 -0.0779664011464978 19.1563148498535 0.0771695990308714 0.038279439055692 0.996282860201357 -4.13453722000122
0.757446266595551 -0.651829669179975 -0.0373260712798238 102.66138458252 0.647810766374471 0.757438299007113 -0.0814151961646708 19.7693328857422 0.0813410363210481 0.0374874055375435 0.99598108929652 -4.13561010360718
0.73624532010615 -0.675547583992805 -0.0397277029700624 103.385108947754 0.671482736967329 0.736579119706046 -0.0810070019685455 20.3861103057861 0.0839866809479831 0.0329645593714087 0.995921470422639 -4.10684585571289
0.716666675797593 -0.696362790099891 -0.0383110997691639 104.074569702148 0.692122619046704 0.716908589300906 -0.083715917187334 21.0052356719971 0.0857622061584209 0.0334804293711999 0.995752933635629 -4.09100675582886
0.697428745484619 -0.715662619875798 -0.0376850034398344 104.732521057129 0.71154924888315 0.697768002603035 -0.0825680383513933 21.6371383666992 0.0853862482228652 0.030770587512765 0.995872662321113 -4.07703447341919
0.680341352319466 -0.731909563307139 -0.0380004666244216 105.344932556152 0.727908279260503 0.680841401848577 -0.0812682134224568 22.2699203491211 0.085353273564253 0.0276292719487423 0.995967590849947 -4.06188821792603
0.667369263689447 -0.743847681729595 -0.0361786161718891 105.896751403809 0.739878378012401 0.667775893149383 -0.0815802811853523 22.8438358306885 0.0848425107616647 0.0276763963342561 0.996009922367045 -4.04116868972778
0.657411723427507 -0.752714404217938 -0.0350834944512365 106.341735839844 0.748617123505975 0.657724648771895 -0.0834906509228901 23.3099937438965 0.0859198946328213 0.0286236280146791 0.995890786997029 -4.02445840835571
0.649614362329198 -0.759414339612745 -0.0359310596304654 106.730224609375 0.755174662777189 0.650004073725758 -0.0848877661343413 23.7279396057129 0.0878203219931976 0.0280100862272464 0.995742449689955 -4.01424503326416
0.643222395895492 -0.764737648657957 -0.0379641692067813 107.100563049316 0.7605658652779 0.643861573039584 -0.0835574014499733 24.1514301300049 0.0883431604174407 0.0248717407531411 0.995779535097688 -4.00290298461914
0.637315509343637 -0.769600431335601 -0.0392952622859005 107.463356018066 0.765484803192877 0.638126354632529 -0.0826303310181097 24.5667247772217 0.0886676808697715 0.0225816653827048 0.995805257446314 -3.99949789047241
0.632857050761095 -0.773068542068695 -0.0430927205656854 107.820297241211 0.768935308280383 0.634044879222475 -0.0820096507217862 24.9782180786133 0.090721799925492 0.0187648713169213 0.995699470032368 -3.99282264709473
0.630626971499207 -0.774888889912338 -0.0430909631844522 108.208038330078 0.770698702882426 0.631814122164538 -0.0826705776488843 25.4098300933838 0.0912859912203648 0.0189241465825941 0.995644888744494 -3.98747301101685
0.633112306193696 -0.772814740097424 -0.04388832685636 108.611358642578 0.768845437844133 0.634405852791241 -0.0800369080517361 25.8757820129395 0.0896967137210937 0.0169290115591229 0.995825239746045 -3.97107338905334
0.641834926098137 -0.765515145244137 -0.045105321664379 109.043022155762 0.761496709535013 0.643190175826524 -0.0801820371878459 26.3344841003418 0.0903918636158484 0.0171160778829162 0.995759183171293 -3.95707893371582
0.651852378172017 -0.757035360052106 -0.0445638946038653 109.500679016113 0.752850677812338 0.653072097233616 -0.0819310242361765 26.7990093231201 0.0911281185419159 0.0198569747359432 0.995641183642655 -3.95180749893188
0.662316308840699 -0.747855534015102 -0.0452681707894044 109.97248840332 0.743634945850443 0.663540768569932 -0.0819799716737743 27.2736053466797 0.0913464523319897 0.0206336785041119 0.995605382145832 -3.94027090072632
0.671055392624452 -0.739840682069757 -0.0481707918162041 110.451362609863 0.735584653436941 0.672505318394802 -0.0815586559401401 27.754337310791 0.0927355253271319 0.0192966806799278 0.995503772196287 -3.94161772727966
0.675297476126059 -0.735864164382876 -0.0497719832321934 110.937614440918 0.731630999978667 0.676884202272905 -0.080894107224126 28.2378425598145 0.093216943781644 0.018212860578832 0.995479227860404 -3.92366647720337
0.67081158525057 -0.739752131719021 -0.0527124341192892 111.420310974121 0.735243199178542 0.672661004096832 -0.0833343364354935 28.7208576202393 0.0971043518866157 0.0171451796317434 0.995126518418676 -3.91213417053223
0.658920575766205 -0.750593191164016 -0.0493308849520454 111.918769836426 0.745589943792395 0.660396523402842 -0.0892864356612615 29.2259635925293 0.0995957355893632 0.0220520578554061 0.994783592645534 -3.89798259735107
0.642065144019561 -0.765141224511124 -0.0480755383616138 112.421844482422 0.759964744380677 0.643476920001626 -0.0916026239997128 29.7761344909668 0.101024443247924 0.0222791377489979 0.994634456414822 -3.88154721260071
0.62504936666703 -0.779158244550444 -0.0471775283182062 112.91690826416 0.774144917300486 0.626506854345946 -0.0904920354250676 30.3751373291016 0.100064660330048 0.0200397456725099 0.994779107312982 -3.85022473335266
0.606955968317239 -0.793346100401265 -0.046972518584701 113.421257019043 0.788327095716999 0.608499921036096 -0.0909298425021515 30.9959621429443 0.10072160980884 0.0181607014504372 0.994748886021163 -3.83311343193054
0.588908143301942 -0.806893263921618 -0.045939736509665 113.954788208008 0.801610430072378 0.590405961832072 -0.0940293498452655 31.6648063659668 0.102994743321375 0.0185488778923398 0.994508935091636 -3.81953620910645
0.574981866075195 -0.816953042483207 -0.0445374007112799 114.506530761719 0.812051284717431 0.576481268057633 -0.090785783950094 32.3965950012207 0.099842699650282 0.0160335260031547 0.994874042967475 -3.78135514259338
0.565935364185731 -0.823047800104947 -0.0480570734270294 115.040412902832 0.817533654633745 0.567768027094442 -0.096323366586088 33.1428375244141 0.106564004734979 0.0152245246786919 0.994189281144768 -3.7313244342804
0.566681544446261 -0.822778042481601 -0.0436843220634774 115.623565673828 0.816266468446363 0.56783407164865 -0.106176831583064 33.8589973449707 0.112165412111327 0.0245104036086727 0.993387215762734 -3.71335530281067
0.572958289983045 -0.817857805684864 -0.0531733732242421 116.195587158203 0.812717429321213 0.575341560023362 -0.0920460177704742 34.6377830505371 0.10587340561833 0.00952360174637644 0.994334009773654 -3.700119972229
0.585222911858324 -0.810268677874585 -0.0312859887399595 116.824851989746 0.807086155651129 0.585780762808123 -0.0739786136678422 35.4116668701172 0.078269283836937 0.0180434913280582 0.996768955991481 -3.70069456100464
0.591321898322983 -0.806406355906211 -0.00687035062933675 117.156326293945 0.804836263774147 0.590664032378567 -0.0579188170490644 35.8016777038574 0.0507641712015132 0.0287191575147405 0.998297655468481 -3.71374416351318
0.596864066528376 -0.802035052908433 0.0222049542529844 117.51244354248 0.802209347576508 0.596032590010608 -0.0347176368164589 36.1928749084473 0.014609885286471 0.0385347317547797 0.999150451984336 -3.72426176071167
0.607933455796584 -0.793875516417993 0.0133632988176113 118.13525390625 0.793678490353127 0.607140529027414 -0.0381422595436186 36.9421691894531 0.0221668056788634 0.0337941184879417 0.999182961364743 -3.71164679527283
0.617706387667847 -0.786234855086062 0.0165399903910938 118.811820983887 0.785841241810749 0.616325104151811 -0.0509598730532205 37.6797027587891 0.0298724171047422 0.044476045688192 0.99856372859035 -3.74401807785034
0.623916117121358 -0.781296147376998 -0.0174645037166196 119.465087890625 0.777386028412734 0.622771225552561 -0.0884701274580173 38.4255561828613 0.0799977601241673 0.0416212772223754 0.995925713925238 -3.84950995445251
0.62727255933106 -0.778799669785284 0.000458969055769337 119.842025756836 0.77660005279502 0.62545643056727 -0.0754758998675867 38.8418426513672 0.0584935407462614 0.0477003962706976 0.997147520623997 -3.85075998306274
0.62944741252582 -0.777042555861715 0.000906225382321616 120.204315185547 0.774416611802503 0.62722359127325 -0.0828823136418049 39.2319869995117 0.0638346788891576 0.0528718538560945 0.996558929938886 -3.83132600784302
0.631449354630344 -0.775416476147323 0.00100052795618827 120.564964294434 0.77297678276725 0.62935928921294 -0.0800860686023116 39.6325035095215 0.0614703655407529 0.0513436812144542 0.996787450041198 -3.8268187046051
0.633033485439634 -0.774100602838841 0.00607149048357041 120.93074798584 0.772039430614078 0.630733846876679 -0.0782938821443746 40.0378723144531 0.0567778468175761 0.0542500791583679 0.996911834126805 -3.8531482219696
0.634971528188566 -0.772498832608418 0.00753073758064659 121.293960571289 0.770560526618844 0.632621512821797 -0.0776305116043295 40.4376602172852 0.0552053729882062 0.0550960537034327 0.996953756028604 -3.88567709922791
0.636499678856996 -0.771257113763555 0.00553383086576179 121.658432006836 0.76934757840951 0.634383919176207 -0.0752419210683655 40.8412437438965 0.0545202935645326 0.0521488979724997 0.997149953632798 -3.89994168281555
0.638418364950718 -0.769594501606543 0.0120952218098203 122.047500610352 0.768088771768142 0.635998975814951 -0.0744643635978942 41.2605171203613 0.0496148161072694 0.0568296213194315 0.997150321748598 -3.91244268417358
0.639970985754131 -0.768246610992436 0.0153062762134431 122.42472076416 0.767118092759351 0.637627607777812 -0.0704334122473252 41.6690254211426 0.0443505259736766 0.0568170616820521 0.997399043686967 -3.91420578956604
